0 0.000000 0.000000 0.000000 0.000000 0.000000 0.000000 1.000000
1 1.596765 -0.029939 0.024521 -0.000336 -0.000178 -0.000709 1.000000
2 3.208084 -0.037327 0.052072 -0.000585 -0.000163 -0.001564 0.999999
3 4.865510 -0.072928 0.087873 -0.000963 0.000086 -0.002319 0.999997
4 6.444355 -0.094874 0.118070 -0.001140 0.000241 -0.003412 0.999993
5 8.046413 -0.074899 0.154978 -0.001515 0.000354 -0.004821 0.999987
6 9.612534 -0.091258 0.179609 -0.001600 0.000712 -0.006215 0.999979
7 11.239799 -0.090636 0.204692 -0.001095 0.001146 -0.007500 0.999971
8 12.805285 -0.146644 0.235382 -0.000901 0.001478 -0.008696 0.999961
9 14.368795 -0.195530 0.266586 -0.000656 0.001638 -0.009463 0.999954
10 15.973770 -0.190103 0.290532 -0.000029 0.001928 -0.010287 0.999945
11 17.616141 -0.238831 0.320945 0.000412 0.002001 -0.011089 0.999936
12 19.275988 -0.243104 0.349655 0.000501 0.001347 -0.011900 0.999928
13 20.938322 -0.281046 0.357421 -0.000069 0.001320 -0.012712 0.999918
14 22.516232 -0.353991 0.361680 -0.000576 0.001630 -0.013739 0.999904
15 24.184722 -0.366188 0.377308 -0.000647 0.001685 -0.014230 0.999897
16 25.754691 -0.379157 0.398582 -0.000339 0.001136 -0.014797 0.999890
17 27.368686 -0.466866 0.392472 -0.000188 0.000477 -0.015338 0.999882
18 28.941577 -0.522599 0.413597 -0.000320 0.000443 -0.015975 0.999872
19 30.541434 -0.513176 0.412890 -0.000398 0.001159 -0.016179 0.999868
20 32.164687 -0.602816 0.436207 -0.000363 0.002002 -0.016749 0.999858
21 33.701033 -0.624021 0.464600 -0.000057 0.002609 -0.017333 0.999846
22 35.311302 -0.630276 0.495998 0.000144 0.002516 -0.017553 0.999843
23 36.846019 -0.688202 0.531163 0.000600 0.002108 -0.017988 0.999836
24 38.372318 -0.697846 0.559424 0.000709 0.001846 -0.018460 0.999828
25 39.951302 -0.807296 0.589101 0.000356 0.001295 -0.019216 0.999814
26 41.527838 -0.859335 0.625330 -0.000329 0.001088 -0.020253 0.999794
27 43.095040 -0.903251 0.659292 -0.000695 0.001083 -0.021374 0.999771
28 44.681472 -0.958833 0.680696 -0.000977 0.001043 -0.022479 0.999746
29 46.258040 -1.068445 0.677629 -0.001333 0.001407 -0.023490 0.999722
30 47.816372 -1.151470 0.716661 -0.001210 0.001958 -0.024490 0.999697
31 49.295734 -1.252897 0.753516 -0.001312 0.002456 -0.025799 0.999663
32 50.806373 -1.339545 0.775425 -0.001472 0.002616 -0.027296 0.999623
33 52.358947 -1.474549 0.810259 -0.001239 0.002515 -0.028781 0.999582
34 53.906292 -1.525852 0.830031 -0.001169 0.002284 -0.029838 0.999551
35 55.396895 -1.635967 0.840583 -0.000565 0.001991 -0.030678 0.999527
36 56.840504 -1.788770 0.863144 -0.000590 0.001981 -0.031753 0.999494
37 58.402019 -1.879776 0.854828 -0.000616 0.001799 -0.032288 0.999477
38 59.858094 -1.928291 0.826834 -0.000501 0.001658 -0.032965 0.999455
39 61.288783 -1.993529 0.827515 -0.000683 0.001576 -0.033747 0.999429
40 62.789114 -2.142346 0.861431 -0.000874 0.001727 -0.034758 0.999394
41 64.342599 -2.301484 0.853288 -0.000520 0.002275 -0.035655 0.999361
42 65.877799 -2.447656 0.876798 0.000334 0.002675 -0.036336 0.999336
43 67.314213 -2.512773 0.891495 0.000740 0.002648 -0.037056 0.999309
44 68.786540 -2.580695 0.914491 0.000481 0.002438 -0.038231 0.999266
45 70.294150 -2.663808 0.932056 -0.000003 0.002345 -0.039683 0.999210
46 71.840449 -2.747029 0.926414 -0.000198 0.002090 -0.041167 0.999150
47 73.295187 -2.829104 0.914228 0.000080 0.001752 -0.042580 0.999092
48 74.819611 -2.896337 0.939887 0.000260 0.001303 -0.043462 0.999054
49 76.378294 -2.972650 0.963030 0.000633 0.001476 -0.044344 0.999015
50 77.915254 -3.147855 0.990744 0.000611 0.001868 -0.045361 0.998969
51 79.456543 -3.330461 1.022643 0.000993 0.001964 -0.046090 0.998935
52 80.871931 -3.471113 1.059655 0.001143 0.002065 -0.046826 0.998900
53 82.423702 -3.561807 1.058894 0.001442 0.001612 -0.047392 0.998874
54 83.893454 -3.714775 1.074344 0.001211 0.001646 -0.048141 0.998838
55 85.402291 -3.867155 1.095181 0.000764 0.002449 -0.048707 0.998810
56 86.814102 -4.055675 1.120898 0.000808 0.003476 -0.049377 0.998774
57 88.239195 -4.238423 1.149814 0.001177 0.003990 -0.049991 0.998741
58 89.749191 -4.414484 1.166853 0.001308 0.003756 -0.050593 0.998711
59 91.159614 -4.588386 1.181699 0.001523 0.003180 -0.051325 0.998676
60 92.566476 -4.757239 1.211837 0.000918 0.002513 -0.051917 0.998648
61 93.965602 -4.940955 1.235629 0.000633 0.001917 -0.052609 0.998613
62 95.385088 -5.141631 1.271397 0.000154 0.001340 -0.053147 0.998586
63 96.792365 -5.290253 1.261974 0.000278 0.000637 -0.053904 0.998546
64 98.174687 -5.359758 1.298915 0.000308 0.000513 -0.054301 0.998524
65 99.544651 -5.563110 1.320568 0.000318 0.001015 -0.054900 0.998491
66 101.025367 -5.705004 1.308664 0.000265 0.001531 -0.055666 0.998448
67 102.466840 -5.809757 1.333957 0.000592 0.001930 -0.056893 0.998378
68 103.907537 -5.907722 1.352687 0.001155 0.002048 -0.057885 0.998321
69 105.249160 -6.082236 1.370146 0.001706 0.002176 -0.058629 0.998276
70 106.673525 -6.308067 1.410227 0.002258 0.002414 -0.059042 0.998250
71 108.140575 -6.516085 1.447705 0.002325 0.002526 -0.059560 0.998219
72 109.585218 -6.683283 1.488425 0.002201 0.002789 -0.060149 0.998183
73 110.936106 -6.811335 1.501910 0.001505 0.002741 -0.060770 0.998147
74 112.221735 -7.010374 1.527134 0.000697 0.002889 -0.061628 0.998095
75 113.569514 -7.217519 1.553940 0.000027 0.002978 -0.062628 0.998032
76 114.961286 -7.387259 1.583410 -0.000728 0.003647 -0.063609 0.997968
77 116.340228 -7.540134 1.594282 0.000055 0.004605 -0.064376 0.997915
78 117.524049 -7.699303 1.630156 0.001111 0.005008 -0.065086 0.997866
79 118.798970 -7.897240 1.655415 0.001836 0.004495 -0.066056 0.997804
80 120.055325 -8.082814 1.651550 0.002227 0.003946 -0.066702 0.997763
81 121.240533 -8.287071 1.668098 0.001690 0.003593 -0.067646 0.997702
82 122.483273 -8.471872 1.691230 0.001158 0.003337 -0.068430 0.997650
83 123.622260 -8.665725 1.706814 0.000852 0.003195 -0.069194 0.997598
84 124.802733 -8.858693 1.712814 0.000787 0.003077 -0.070043 0.997539
85 126.003000 -8.978578 1.715338 0.000861 0.003047 -0.070685 0.997494
86 127.170967 -9.190378 1.719962 0.001146 0.002986 -0.071297 0.997450
87 128.303569 -9.300042 1.723870 0.001548 0.002928 -0.071837 0.997411
88 129.385918 -9.504178 1.739591 0.001251 0.003140 -0.072410 0.997369
89 130.542002 -9.640848 1.748080 0.001378 0.003484 -0.072938 0.997329
90 131.576555 -9.821569 1.749352 0.001252 0.003984 -0.073241 0.997306
91 132.634209 -9.925093 1.730415 0.001305 0.004074 -0.073634 0.997276
92 133.651025 -10.028211 1.739579 0.001292 0.004075 -0.074145 0.997238
93 134.648268 -10.144227 1.723057 0.001770 0.003875 -0.074595 0.997205
94 135.741111 -10.259845 1.758722 0.002040 0.003422 -0.075052 0.997172
95 136.749608 -10.446614 1.740272 0.002255 0.003373 -0.075571 0.997132
96 137.849152 -10.553552 1.726460 0.002630 0.003323 -0.076071 0.997093
97 138.839520 -10.699993 1.704677 0.002938 0.003289 -0.076332 0.997073
98 139.886290 -10.893212 1.685184 0.003096 0.003201 -0.076480 0.997061
99 140.987104 -11.083469 1.684222 0.003147 0.002865 -0.076750 0.997041
100 141.976833 -11.243111 1.654174 0.002965 0.002663 -0.077057 0.997019
101 142.951166 -11.358024 1.652626 0.003014 0.002495 -0.077246 0.997004
102 143.928513 -11.459773 1.626805 0.002975 0.002276 -0.077377 0.996995
103 145.015534 -11.584646 1.626278 0.002707 0.001886 -0.077512 0.996986
104 145.974072 -11.766545 1.614789 0.002615 0.001733 -0.077596 0.996980
105 146.961892 -11.954487 1.619548 0.002156 0.002098 -0.077765 0.996967
106 147.936143 -12.055238 1.619469 0.002002 0.002979 -0.078087 0.996940
107 148.911721 -12.217715 1.611883 0.002195 0.003373 -0.078342 0.996918
108 149.869769 -12.340048 1.613787 0.002819 0.003970 -0.078679 0.996888
109 150.828061 -12.467989 1.607457 0.003203 0.004145 -0.079132 0.996850
110 151.747125 -12.569193 1.596914 0.004044 0.004318 -0.079510 0.996817
111 152.617971 -12.719171 1.588824 0.004640 0.004325 -0.079961 0.996778
112 153.516168 -12.848187 1.562603 0.005001 0.004205 -0.080309 0.996749
113 154.345683 -12.944330 1.560866 0.005851 0.004358 -0.080706 0.996711
114 155.257931 -13.056324 1.548467 0.006052 0.004640 -0.081085 0.996678
115 156.142962 -13.207586 1.539863 0.006027 0.004783 -0.081474 0.996646
116 157.010392 -13.328739 1.516056 0.005811 0.004784 -0.081720 0.996627
117 157.792648 -13.486102 1.494404 0.005933 0.004653 -0.082064 0.996599
118 158.625155 -13.642706 1.483716 0.005345 0.004614 -0.082410 0.996573
119 159.400017 -13.726352 1.457103 0.005178 0.004505 -0.082655 0.996555
120 160.105283 -13.824871 1.433916 0.005048 0.004419 -0.082941 0.996532
121 160.816433 -13.950756 1.404795 0.005098 0.004470 -0.083214 0.996509
122 161.532971 -14.115906 1.380773 0.004989 0.004522 -0.083556 0.996480
123 162.237441 -14.285022 1.364738 0.005028 0.004606 -0.083961 0.996446
124 162.898642 -14.394985 1.335812 0.004740 0.004719 -0.084367 0.996412
125 163.565993 -14.536554 1.312715 0.004779 0.004839 -0.085116 0.996348
126 164.204057 -14.676316 1.293120 0.004948 0.004883 -0.085639 0.996302
127 164.835300 -14.773022 1.275971 0.004756 0.004820 -0.086281 0.996248
128 165.458988 -14.882177 1.249755 0.004494 0.004615 -0.086868 0.996199
129 166.044028 -15.015206 1.209273 0.004515 0.004201 -0.087343 0.996159
130 166.606130 -15.122057 1.183194 0.004702 0.003730 -0.087773 0.996122
131 167.125445 -15.172101 1.159292 0.004627 0.003478 -0.088181 0.996088
132 167.689159 -15.223561 1.128327 0.004662 0.003395 -0.088693 0.996042
133 168.247079 -15.321074 1.094970 0.004428 0.003323 -0.089196 0.995999
134 168.764954 -15.425019 1.070794 0.004238 0.003257 -0.089552 0.995968
135 169.354059 -15.573639 1.043981 0.004203 0.003318 -0.090036 0.995924
136 169.880957 -15.706723 1.038067 0.004185 0.003295 -0.090425 0.995889
137 170.407267 -15.782197 1.021106 0.004123 0.003195 -0.090769 0.995858
138 170.935396 -15.863412 0.987356 0.004038 0.003147 -0.091036 0.995834
139 171.433719 -15.932141 0.955167 0.004139 0.003106 -0.091375 0.995803
140 171.933128 -15.996901 0.930662 0.004527 0.002971 -0.091704 0.995772
141 172.510275 -16.086969 0.900898 0.004803 0.002876 -0.091996 0.995744
142 173.019694 -16.203101 0.882032 0.004822 0.002858 -0.092411 0.995705
143 173.555476 -16.266424 0.864981 0.004848 0.002891 -0.092828 0.995666
144 174.135943 -16.343628 0.834155 0.004638 0.003002 -0.093106 0.995641
145 174.684846 -16.408475 0.823308 0.005027 0.003000 -0.093285 0.995622
146 175.235830 -16.515823 0.793553 0.005470 0.002879 -0.093457 0.995604
147 175.714529 -16.650393 0.774220 0.005646 0.002947 -0.093600 0.995589
148 176.250894 -16.719703 0.743060 0.005627 0.003039 -0.093639 0.995586
149 176.743919 -16.767884 0.740343 0.005543 0.003058 -0.093625 0.995587
150 177.239886 -16.852828 0.704354 0.005620 0.003078 -0.093617 0.995588
151 177.725280 -16.931276 0.685922 0.005791 0.003128 -0.093648 0.995584
152 178.282448 -17.068996 0.668534 0.005901 0.003337 -0.093774 0.995570
153 178.745818 -17.151738 0.639403 0.006080 0.003331 -0.093814 0.995566
154 179.215995 -17.220227 0.615397 0.006117 0.003285 -0.093862 0.995561
155 179.762814 -17.296081 0.592313 0.006067 0.003232 -0.093955 0.995553
156 180.270984 -17.363416 0.555902 0.006242 0.003083 -0.093885 0.995559
157 180.819355 -17.432584 0.529691 0.006360 0.002827 -0.093610 0.995585
158 181.316818 -17.500894 0.510498 0.006584 0.002566 -0.093352 0.995608
159 181.773826 -17.616315 0.484806 0.006610 0.002636 -0.093119 0.995630
160 182.295117 -17.745165 0.459518 0.006429 0.002587 -0.092767 0.995664
161 182.790150 -17.829978 0.438964 0.006212 0.002387 -0.092582 0.995683
162 183.356437 -17.897744 0.414799 0.006289 0.002148 -0.092545 0.995686
163 183.906399 -17.975665 0.388075 0.006403 0.001956 -0.092585 0.995682
164 184.377106 -18.088990 0.362877 0.006421 0.001988 -0.092516 0.995689
165 184.859901 -18.157975 0.338286 0.006531 0.002053 -0.092508 0.995688
166 185.407656 -18.206004 0.314522 0.006556 0.001893 -0.092462 0.995693
167 185.967732 -18.304915 0.287818 0.006619 0.001718 -0.092404 0.995698
168 186.485676 -18.408774 0.252742 0.006336 0.001885 -0.092360 0.995704
169 186.962867 -18.502848 0.226315 0.006361 0.002026 -0.092355 0.995704
170 187.524950 -18.586839 0.204380 0.006178 0.002052 -0.092261 0.995714
171 188.042897 -18.632931 0.177910 0.005879 0.002278 -0.092195 0.995721
172 188.549185 -18.743887 0.159194 0.005823 0.002545 -0.092223 0.995718
173 189.035409 -18.864161 0.135281 0.005715 0.002879 -0.092220 0.995718
174 189.527360 -18.989196 0.113134 0.005711 0.003067 -0.092338 0.995707
175 190.085127 -19.051806 0.087891 0.005609 0.003209 -0.092225 0.995717
176 190.571709 -19.131217 0.065090 0.005278 0.003288 -0.092249 0.995717
177 191.059293 -19.193463 0.042037 0.004979 0.003553 -0.092345 0.995708
178 191.597424 -19.248279 0.019715 0.004685 0.003608 -0.092554 0.995690
179 192.098566 -19.317737 -0.008536 0.004504 0.003528 -0.093037 0.995646
180 192.629619 -19.379976 -0.034224 0.004304 0.003449 -0.093478 0.995606
181 193.172378 -19.483919 -0.065099 0.004185 0.003434 -0.093805 0.995576
182 193.654549 -19.578627 -0.083968 0.003770 0.003129 -0.094396 0.995523
183 194.208884 -19.666527 -0.112833 0.003091 0.002631 -0.094998 0.995469
184 194.761655 -19.731614 -0.140783 0.002626 0.002393 -0.095350 0.995437
185 195.215237 -19.814699 -0.168698 0.002450 0.002512 -0.095955 0.995380
186 195.727199 -19.871313 -0.192906 0.002540 0.002819 -0.096529 0.995323
187 196.267354 -19.937412 -0.211373 0.002801 0.003154 -0.097006 0.995275
188 196.721084 -20.067081 -0.227262 0.003118 0.003881 -0.097469 0.995226
189 197.261620 -20.183391 -0.239447 0.003323 0.004448 -0.098169 0.995154
190 197.808716 -20.266973 -0.259689 0.003171 0.004774 -0.098550 0.995116
191 198.324268 -20.394780 -0.286365 0.002900 0.004783 -0.098840 0.995088
192 198.849341 -20.505017 -0.315506 0.002863 0.004732 -0.099129 0.995059
193 199.344071 -20.579507 -0.332893 0.003085 0.004731 -0.099533 0.995018
194 199.786038 -20.644608 -0.357975 0.003323 0.004878 -0.099824 0.994988
195 200.270007 -20.775633 -0.373934 0.003449 0.004909 -0.100148 0.994955
196 200.741770 -20.902933 -0.388040 0.003474 0.005143 -0.100696 0.994898
197 201.224778 -21.021070 -0.408236 0.003308 0.005433 -0.101047 0.994861
198 201.596979 -21.106884 -0.432008 0.003161 0.005555 -0.101347 0.994831
199 202.026668 -21.225116 -0.454916 0.002957 0.005545 -0.101604 0.994805
200 202.384337 -21.266887 -0.484569 0.003028 0.005491 -0.101750 0.994790
201 202.802704 -21.383335 -0.508775 0.002869 0.005418 -0.102015 0.994764
202 203.234629 -21.485769 -0.535887 0.002905 0.005099 -0.102321 0.994734
203 203.603790 -21.562293 -0.556043 0.002968 0.005052 -0.102510 0.994715
204 203.964362 -21.648223 -0.586507 0.002909 0.005100 -0.102773 0.994687
205 204.351692 -21.698462 -0.611625 0.002972 0.005193 -0.102991 0.994664
206 204.713879 -21.803139 -0.629359 0.003100 0.005243 -0.103331 0.994628
207 205.081101 -21.869621 -0.652192 0.003145 0.005355 -0.103671 0.994592
208 205.452714 -21.958516 -0.674357 0.002995 0.005429 -0.104162 0.994541
209 205.831947 -22.082539 -0.694055 0.002985 0.005394 -0.104543 0.994501
210 206.198680 -22.161839 -0.721441 0.003158 0.005436 -0.104774 0.994476
211 206.513104 -22.247924 -0.744577 0.003295 0.005480 -0.105028 0.994449
212 206.914137 -22.313330 -0.760621 0.003387 0.004697 -0.105274 0.994426
213 207.291409 -22.353936 -0.786198 0.003463 0.003991 -0.105428 0.994413
214 207.631771 -22.422226 -0.799344 0.003041 0.003769 -0.105684 0.994388
215 207.997335 -22.531348 -0.825753 0.002685 0.003775 -0.106258 0.994328
216 208.389282 -22.648098 -0.845348 0.002758 0.003748 -0.106767 0.994273
217 208.846061 -22.787036 -0.863633 0.002788 0.003696 -0.107229 0.994224
218 209.280804 -22.926516 -0.887565 0.002848 0.003590 -0.107783 0.994164
219 209.682592 -23.017994 -0.911948 0.002572 0.003590 -0.108081 0.994132
220 210.142756 -23.081759 -0.935208 0.002202 0.003340 -0.108402 0.994099
221 210.680531 -23.171965 -0.962391 0.002158 0.003156 -0.108612 0.994077
222 211.206148 -23.309089 -0.992200 0.002504 0.003157 -0.109027 0.994031
223 211.726093 -23.382135 -1.022207 0.002691 0.003197 -0.109105 0.994021
224 212.194462 -23.437324 -1.042539 0.003198 0.003327 -0.109222 0.994007
225 212.771002 -23.577493 -1.056257 0.003039 0.003327 -0.109296 0.993999
226 213.342122 -23.724920 -1.069015 0.002863 0.003425 -0.109493 0.993978
227 213.883261 -23.797402 -1.100817 0.002375 0.003712 -0.109348 0.993994
228 214.418186 -23.926789 -1.132559 0.002327 0.003808 -0.109354 0.993993
229 214.963204 -23.995781 -1.158328 0.002740 0.003780 -0.109259 0.994002
230 215.510440 -24.160521 -1.179903 0.002704 0.003847 -0.109433 0.993983
231 216.017529 -24.284251 -1.190682 0.002579 0.003913 -0.109609 0.993964
232 216.540890 -24.419949 -1.221267 0.002077 0.004102 -0.109808 0.993942
233 217.167330 -24.555352 -1.250907 0.002152 0.004103 -0.109851 0.993937
234 217.676627 -24.718561 -1.279520 0.002431 0.004025 -0.110029 0.993917
235 218.266977 -24.824857 -1.308299 0.002444 0.003929 -0.109984 0.993923
236 218.896296 -24.951639 -1.332498 0.001938 0.003981 -0.109930 0.993930
237 219.428694 -25.063139 -1.369819 0.001954 0.003828 -0.110049 0.993917
238 220.003191 -25.183812 -1.396506 0.002197 0.003573 -0.110194 0.993901
239 220.570917 -25.326606 -1.433177 0.002474 0.003420 -0.110524 0.993864
240 221.215628 -25.422369 -1.461810 0.002142 0.003394 -0.110769 0.993838
241 221.833786 -25.511929 -1.489475 0.002003 0.003242 -0.110946 0.993819
242 222.478774 -25.690374 -1.527615 0.001942 0.003007 -0.111361 0.993774
243 223.144299 -25.790610 -1.553612 0.001745 0.003186 -0.111642 0.993742
244 223.786962 -25.903336 -1.579523 0.001823 0.003534 -0.111991 0.993701
245 224.512560 -26.020818 -1.613740 0.001899 0.003991 -0.112229 0.993673
246 225.206307 -26.192631 -1.625277 0.002076 0.004695 -0.112586 0.993629
247 225.885937 -26.297157 -1.646836 0.002583 0.005443 -0.112941 0.993583
248 226.594419 -26.505381 -1.674009 0.002882 0.005880 -0.113520 0.993514
249 227.314679 -26.690970 -1.701154 0.002708 0.005997 -0.114037 0.993455
250 228.029229 -26.830952 -1.731561 0.002559 0.006099 -0.114385 0.993414
251 228.755383 -26.946353 -1.750853 0.002711 0.006013 -0.114667 0.993382
252 229.388453 -27.132833 -1.774309 0.002411 0.006026 -0.115316 0.993308
253 230.134840 -27.250948 -1.807667 0.002256 0.006061 -0.115653 0.993269
254 230.829322 -27.414934 -1.832663 0.002062 0.005984 -0.116102 0.993217
255 231.505002 -27.553116 -1.863565 0.002218 0.006082 -0.116430 0.993178
256 232.196202 -27.775014 -1.856309 0.002205 0.006184 -0.116814 0.993132
257 232.924415 -27.966302 -1.867159 0.002326 0.006559 -0.117224 0.993081
258 233.654017 -28.088404 -1.899198 0.002253 0.006575 -0.117449 0.993055
259 234.371508 -28.208898 -1.919820 0.002413 0.006766 -0.117631 0.993031
260 235.044899 -28.414968 -1.944500 0.002863 0.007080 -0.117934 0.992992
261 235.647836 -28.512497 -1.963085 0.003681 0.007189 -0.118057 0.992974
262 236.299981 -28.648350 -1.991111 0.003711 0.007084 -0.118246 0.992952
263 236.941094 -28.777425 -2.026629 0.003601 0.006879 -0.118404 0.992935
264 237.641601 -28.981574 -2.065306 0.003455 0.006357 -0.118412 0.992938
265 238.340897 -29.138325 -2.082933 0.003938 0.005709 -0.118345 0.992948
266 238.894452 -29.300728 -2.105892 0.004118 0.005751 -0.118506 0.992928
267 239.450420 -29.441855 -2.130300 0.003920 0.006159 -0.118785 0.992893
268 240.058435 -29.575552 -2.157004 0.003941 0.006707 -0.118935 0.992872
269 240.644474 -29.692203 -2.178074 0.004051 0.007133 -0.118945 0.992867
270 241.149637 -29.796306 -2.200401 0.003952 0.007251 -0.119058 0.992853
271 241.739823 -29.883288 -2.218592 0.003766 0.007326 -0.118988 0.992862
272 242.223237 -30.014101 -2.238937 0.003436 0.007561 -0.118659 0.992900
273 242.790834 -30.093002 -2.254504 0.003214 0.007718 -0.117993 0.992979
274 243.325186 -30.218917 -2.268954 0.003230 0.007822 -0.117617 0.993023
275 243.831876 -30.366884 -2.257602 0.003318 0.008307 -0.117252 0.993062
276 244.311973 -30.506144 -2.271334 0.003466 0.008608 -0.116729 0.993120
277 244.668190 -30.553690 -2.282749 0.003543 0.008736 -0.116377 0.993160
278 245.030613 -30.694479 -2.296217 0.003263 0.008964 -0.116226 0.993177
279 245.423061 -30.858367 -2.311474 0.003023 0.009351 -0.116031 0.993197
280 245.725698 -30.900413 -2.327502 0.003150 0.009599 -0.115718 0.993231
281 246.004009 -31.019912 -2.337320 0.003237 0.009708 -0.115500 0.993255
282 246.301574 -31.145984 -2.349152 0.003276 0.009626 -0.115311 0.993277
283 246.624668 -31.275649 -2.363351 0.003148 0.009135 -0.114976 0.993321
284 246.938734 -31.273697 -2.377387 0.002915 0.008170 -0.114580 0.993376
285 247.203460 -31.294825 -2.365701 0.002802 0.007453 -0.113815 0.993470
286 247.405213 -31.350889 -2.379527 0.002886 0.007393 -0.113539 0.993502
287 247.714835 -31.480625 -2.390137 0.002792 0.007334 -0.113172 0.993544
288 247.948993 -31.483381 -2.406068 0.003059 0.007353 -0.112811 0.993585
289 248.150487 -31.550212 -2.415369 0.003139 0.007422 -0.112620 0.993605
290 248.363914 -31.633606 -2.422118 0.002858 0.007454 -0.112559 0.993613
291 248.574326 -31.709171 -2.442041 0.001986 0.007479 -0.112503 0.993621
292 248.780181 -31.782423 -2.433208 0.001808 0.007464 -0.112463 0.993626
293 249.010469 -31.792761 -2.444550 0.001840 0.007571 -0.112499 0.993621
294 249.322750 -31.869070 -2.452598 0.001962 0.007618 -0.112595 0.993610
295 249.621716 -31.894568 -2.462740 0.001811 0.007645 -0.112637 0.993605
296 249.869002 -31.996101 -2.469652 0.001254 0.007621 -0.112763 0.993592
297 250.187167 -32.050585 -2.480450 0.001036 0.007594 -0.112831 0.993585
298 250.400098 -32.082529 -2.512250 0.001392 0.007437 -0.112841 0.993584
299 250.641755 -32.114243 -2.497471 0.001557 0.007333 -0.112905 0.993577
