0 0.000000 0.000000 0.000000 0.000000 0.000000 0.000000 1.000000
1 1.596364 -0.028894 0.023826 -0.000333 -0.000173 -0.000709 1.000000
2 3.216688 -0.026092 0.048629 -0.000520 -0.000122 -0.001590 0.999999
3 4.874655 -0.061460 0.080065 -0.000914 0.000163 -0.002339 0.999997
4 6.452876 -0.083329 0.106443 -0.001101 0.000365 -0.003427 0.999993
5 8.055238 -0.061679 0.140502 -0.001468 0.000496 -0.004828 0.999987
6 9.622091 -0.077910 0.162554 -0.001567 0.000884 -0.006229 0.999979
7 11.249190 -0.077077 0.185755 -0.001049 0.001358 -0.007519 0.999970
8 12.816412 -0.131744 0.212866 -0.000831 0.001716 -0.008717 0.999960
9 14.380547 -0.180777 0.239909 -0.000557 0.001894 -0.009491 0.999953
10 15.984849 -0.175547 0.261478 0.000079 0.002195 -0.010312 0.999944
11 17.625540 -0.224244 0.285628 0.000501 0.002279 -0.011116 0.999935
12 19.283976 -0.229162 0.311882 0.000569 0.001594 -0.011916 0.999928
13 20.945611 -0.266312 0.325077 -0.000004 0.001553 -0.012728 0.999918
14 22.523233 -0.338609 0.330599 -0.000534 0.001910 -0.013767 0.999903
15 24.191014 -0.351372 0.345702 -0.000590 0.001989 -0.014264 0.999896
16 25.760745 -0.364012 0.365697 -0.000273 0.001428 -0.014818 0.999889
17 27.374341 -0.450920 0.366342 -0.000124 0.000705 -0.015351 0.999882
18 28.946726 -0.500973 0.388252 -0.000271 0.000697 -0.015971 0.999872
19 30.546658 -0.492341 0.395044 -0.000344 0.001409 -0.016172 0.999868
20 32.169245 -0.580167 0.415757 -0.000333 0.002311 -0.016731 0.999857
21 33.705585 -0.602066 0.440060 0.000009 0.002959 -0.017291 0.999846
22 35.314000 -0.609548 0.465853 0.000254 0.002903 -0.017515 0.999842
23 36.848577 -0.667397 0.495780 0.000676 0.002526 -0.017953 0.999835
24 38.375273 -0.677728 0.518607 0.000755 0.002235 -0.018422 0.999828
25 39.954110 -0.786322 0.543798 0.000395 0.001634 -0.019182 0.999815
26 41.529778 -0.837193 0.576186 -0.000354 0.001386 -0.020214 0.999795
27 43.089266 -0.879007 0.604076 -0.000665 0.001426 -0.021385 0.999770
28 44.675698 -0.935301 0.623482 -0.000928 0.001422 -0.022491 0.999746
29 46.252231 -1.042819 0.627040 -0.001285 0.001832 -0.023511 0.999721
30 47.811263 -1.127677 0.659035 -0.001215 0.002411 -0.024517 0.999696
31 49.291095 -1.227920 0.690128 -0.001318 0.002949 -0.025816 0.999661
32 50.813159 -1.315479 0.707994 -0.001474 0.003185 -0.027310 0.999621
33 52.364309 -1.450094 0.736420 -0.001255 0.003111 -0.028781 0.999580
34 53.910875 -1.500655 0.751173 -0.001218 0.002883 -0.029831 0.999550
35 55.401420 -1.610833 0.764092 -0.000597 0.002548 -0.030675 0.999526
36 56.845607 -1.763206 0.784178 -0.000637 0.002526 -0.031746 0.999493
37 58.406319 -1.854723 0.783871 -0.000569 0.002364 -0.032285 0.999476
38 59.862273 -1.903994 0.770209 -0.000472 0.002156 -0.032951 0.999455
39 61.293706 -1.969529 0.776268 -0.000654 0.002041 -0.033748 0.999428
40 62.793843 -2.117525 0.801888 -0.000877 0.002262 -0.034763 0.999393
41 64.347591 -2.277008 0.799284 -0.000541 0.002900 -0.035643 0.999360
42 65.883521 -2.423588 0.817540 0.000319 0.003345 -0.036337 0.999334
43 67.321161 -2.488717 0.829187 0.000736 0.003320 -0.037041 0.999308
44 68.790297 -2.555683 0.849179 0.000469 0.003087 -0.038230 0.999264
45 70.300172 -2.646960 0.861513 -0.000114 0.003028 -0.039770 0.999204
46 71.846180 -2.730839 0.862325 -0.000266 0.002781 -0.041253 0.999145
47 73.301034 -2.811896 0.857674 -0.000033 0.002411 -0.042664 0.999087
48 74.825987 -2.879296 0.878111 0.000185 0.001991 -0.043549 0.999049
49 76.383645 -2.956207 0.898495 0.000535 0.002156 -0.044447 0.999009
50 77.921170 -3.128747 0.918877 0.000542 0.002603 -0.045477 0.998962
51 79.462571 -3.310828 0.941207 0.001006 0.002838 -0.046204 0.998927
52 80.878267 -3.451390 0.969532 0.001244 0.002936 -0.046945 0.998892
53 82.429312 -3.542741 0.975864 0.001569 0.002446 -0.047515 0.998866
54 83.899466 -3.694477 0.989665 0.001340 0.002538 -0.048272 0.998830
55 85.408443 -3.847031 1.008186 0.000884 0.003412 -0.048847 0.998800
56 86.822302 -4.035475 1.027934 0.000943 0.004492 -0.049524 0.998762
57 88.246790 -4.218469 1.048619 0.001344 0.005082 -0.050124 0.998729
58 89.760308 -4.396075 1.059921 0.001487 0.004897 -0.050708 0.998700
59 91.169716 -4.570092 1.072530 0.001648 0.004244 -0.051416 0.998667
60 92.577728 -4.738446 1.094039 0.001052 0.003541 -0.052001 0.998640
61 93.977083 -4.921060 1.109696 0.000789 0.002933 -0.052714 0.998605
62 95.398027 -5.121832 1.136863 0.000285 0.002291 -0.053230 0.998580
63 96.799834 -5.268095 1.133621 0.000415 0.001605 -0.053997 0.998540
64 98.182309 -5.338334 1.163890 0.000392 0.001477 -0.054398 0.998518
65 99.552690 -5.541208 1.182292 0.000384 0.001974 -0.055002 0.998484
66 101.033559 -5.684359 1.179903 0.000365 0.002542 -0.055763 0.998441
67 102.474828 -5.788799 1.199710 0.000681 0.002963 -0.056988 0.998370
68 103.916458 -5.885168 1.214623 0.001236 0.003093 -0.057960 0.998313
69 105.258391 -6.059828 1.227532 0.001799 0.003233 -0.058701 0.998269
70 106.681956 -6.283824 1.258868 0.002329 0.003483 -0.059100 0.998243
71 108.149774 -6.490883 1.286791 0.002369 0.003629 -0.059617 0.998212
72 109.594020 -6.657633 1.318813 0.002269 0.003912 -0.060197 0.998176
73 110.945139 -6.786264 1.332327 0.001525 0.003852 -0.060816 0.998140
74 112.230655 -6.985453 1.354695 0.000720 0.003981 -0.061675 0.998088
75 113.578489 -7.192742 1.376488 0.000008 0.004119 -0.062679 0.998025
76 114.969819 -7.362308 1.400028 -0.000699 0.004836 -0.063658 0.997960
77 116.344583 -7.512603 1.402983 0.000353 0.005867 -0.064397 0.997907
78 117.529156 -7.671781 1.430831 0.001471 0.006285 -0.065099 0.997858
79 118.804155 -7.868821 1.449490 0.002252 0.005752 -0.066055 0.997797
80 120.063703 -8.056420 1.454895 0.002727 0.005118 -0.066766 0.997752
81 121.235642 -8.258587 1.467771 0.002163 0.004756 -0.067719 0.997691
82 122.478657 -8.443782 1.487415 0.001586 0.004535 -0.068500 0.997640
83 123.617744 -8.637792 1.502663 0.001196 0.004394 -0.069261 0.997588
84 124.797597 -8.828500 1.511046 0.001095 0.004301 -0.070107 0.997530
85 125.997482 -8.949505 1.515915 0.001129 0.004303 -0.070752 0.997484
86 127.165616 -9.161634 1.523780 0.001385 0.004241 -0.071364 0.997440
87 128.293717 -9.270332 1.528408 0.001797 0.004223 -0.071910 0.997401
88 129.376598 -9.474732 1.544095 0.001480 0.004461 -0.072480 0.997359
89 130.533723 -9.611398 1.553077 0.001598 0.004832 -0.073014 0.997318
90 131.568521 -9.793374 1.557602 0.001459 0.005358 -0.073307 0.997294
91 132.625608 -9.898373 1.548750 0.001447 0.005520 -0.073680 0.997266
92 133.642482 -10.002152 1.556930 0.001383 0.005531 -0.074190 0.997228
93 134.640902 -10.117518 1.548022 0.001879 0.005261 -0.074610 0.997197
94 135.734280 -10.232434 1.574937 0.002167 0.004827 -0.075071 0.997164
95 136.742412 -10.417038 1.565241 0.002343 0.004724 -0.075591 0.997125
96 137.840565 -10.523619 1.556102 0.002668 0.004733 -0.076082 0.997087
97 138.830506 -10.669168 1.540941 0.003023 0.004748 -0.076329 0.997067
98 139.878716 -10.864344 1.532757 0.003212 0.004686 -0.076487 0.997054
99 140.980410 -11.054098 1.535379 0.003120 0.004385 -0.076789 0.997033
100 141.968431 -11.209129 1.514739 0.002918 0.004200 -0.077086 0.997011
101 142.943478 -11.325569 1.515961 0.003038 0.004119 -0.077278 0.996996
102 143.922777 -11.428940 1.502325 0.003111 0.004026 -0.077399 0.996987
103 145.009432 -11.554329 1.501543 0.002862 0.003676 -0.077531 0.996979
104 145.968529 -11.736240 1.496986 0.002779 0.003536 -0.077615 0.996973
105 146.955445 -11.923727 1.503720 0.002367 0.003962 -0.077779 0.996960
106 147.929855 -12.024916 1.506813 0.002209 0.004853 -0.078113 0.996930
107 148.906541 -12.187409 1.504228 0.002484 0.005324 -0.078369 0.996907
108 149.864352 -12.309043 1.507913 0.003105 0.005890 -0.078700 0.996876
109 150.821889 -12.438570 1.502073 0.003506 0.006090 -0.079169 0.996836
110 151.741820 -12.539881 1.495467 0.004401 0.006261 -0.079548 0.996802
111 152.612658 -12.690009 1.491344 0.005038 0.006251 -0.079994 0.996763
112 153.510704 -12.819877 1.471645 0.005400 0.006153 -0.080330 0.996735
113 154.340108 -12.915958 1.472302 0.006242 0.006311 -0.080724 0.996697
114 155.252042 -13.028285 1.465880 0.006469 0.006572 -0.081100 0.996663
115 156.136627 -13.180137 1.463070 0.006465 0.006742 -0.081482 0.996631
116 157.004054 -13.301968 1.447611 0.006226 0.006740 -0.081733 0.996612
117 157.780196 -13.458961 1.430957 0.006309 0.006622 -0.082046 0.996587
118 158.613470 -13.615472 1.424626 0.005700 0.006605 -0.082388 0.996562
119 159.387837 -13.699829 1.405011 0.005512 0.006536 -0.082625 0.996544
120 160.092298 -13.798569 1.387524 0.005359 0.006466 -0.082903 0.996522
121 160.803190 -13.923946 1.366340 0.005406 0.006507 -0.083178 0.996499
122 161.519661 -14.089336 1.347089 0.005290 0.006587 -0.083520 0.996470
123 162.223799 -14.257895 1.336491 0.005331 0.006709 -0.083920 0.996436
124 162.884699 -14.367538 1.320746 0.005051 0.006802 -0.084320 0.996403
125 163.551800 -14.508372 1.303953 0.005104 0.006978 -0.085067 0.996338
126 164.189798 -14.648123 1.290920 0.005264 0.007063 -0.085585 0.996292
127 164.820799 -14.747649 1.276606 0.005069 0.006990 -0.086238 0.996237
128 165.443300 -14.856290 1.256997 0.004788 0.006757 -0.086830 0.996189
129 166.027948 -14.989843 1.223676 0.004802 0.006334 -0.087308 0.996150
130 166.589932 -15.096021 1.204562 0.004940 0.005819 -0.087735 0.996115
131 167.108952 -15.146013 1.185457 0.004835 0.005560 -0.088141 0.996081
132 167.672289 -15.197017 1.159737 0.004875 0.005481 -0.088643 0.996036
133 168.229841 -15.293809 1.133299 0.004608 0.005410 -0.089145 0.995993
134 168.748272 -15.396026 1.115750 0.004405 0.005343 -0.089505 0.995962
135 169.336215 -15.543546 1.094431 0.004359 0.005418 -0.089991 0.995918
136 169.863276 -15.676330 1.087836 0.004354 0.005400 -0.090381 0.995883
137 170.389632 -15.752459 1.075961 0.004277 0.005292 -0.090718 0.995853
138 170.917282 -15.833210 1.050710 0.004155 0.005263 -0.090997 0.995829
139 171.416099 -15.901467 1.027024 0.004244 0.005242 -0.091335 0.995797
140 171.915424 -15.967426 1.008842 0.004623 0.005085 -0.091659 0.995767
141 172.491442 -16.057328 0.985901 0.004892 0.004965 -0.091942 0.995740
142 173.000773 -16.173757 0.971015 0.004869 0.004978 -0.092355 0.995702
143 173.536712 -16.237139 0.959627 0.004863 0.005034 -0.092766 0.995663
144 174.116117 -16.314188 0.935928 0.004630 0.005158 -0.093045 0.995638
145 174.664440 -16.379638 0.925836 0.005018 0.005181 -0.093219 0.995620
146 175.215164 -16.485921 0.903039 0.005457 0.005084 -0.093399 0.995601
147 175.694252 -16.620711 0.888136 0.005652 0.005153 -0.093559 0.995584
148 176.230065 -16.690166 0.864600 0.005635 0.005247 -0.093601 0.995580
149 176.723111 -16.738585 0.861073 0.005548 0.005270 -0.093584 0.995582
150 177.218939 -16.823778 0.832749 0.005635 0.005279 -0.093575 0.995582
151 177.704063 -16.902992 0.817538 0.005830 0.005346 -0.093611 0.995577
152 178.260349 -17.039626 0.803936 0.005934 0.005566 -0.093738 0.995564
153 178.723474 -17.122594 0.781833 0.006117 0.005584 -0.093773 0.995559
154 179.194099 -17.194650 0.764171 0.006141 0.005539 -0.093819 0.995555
155 179.739601 -17.269806 0.745948 0.006063 0.005481 -0.093931 0.995545
156 180.247315 -17.338043 0.717056 0.006208 0.005336 -0.093867 0.995551
157 180.795251 -17.407419 0.695226 0.006331 0.005063 -0.093596 0.995577
158 181.292475 -17.475113 0.680052 0.006540 0.004793 -0.093336 0.995602
159 181.749139 -17.590408 0.660121 0.006528 0.004853 -0.093110 0.995623
160 182.268178 -17.717899 0.639284 0.006321 0.004804 -0.092753 0.995658
161 182.762753 -17.802335 0.623551 0.006048 0.004593 -0.092570 0.995677
162 183.328500 -17.870023 0.603052 0.006173 0.004316 -0.092529 0.995682
163 183.881716 -17.944833 0.580711 0.006290 0.004128 -0.092540 0.995681
164 184.352551 -18.057692 0.560845 0.006297 0.004175 -0.092472 0.995687
165 184.835849 -18.126957 0.540903 0.006388 0.004255 -0.092447 0.995688
166 185.383763 -18.175525 0.521951 0.006435 0.004104 -0.092395 0.995693
167 185.942494 -18.274076 0.501093 0.006526 0.003928 -0.092331 0.995699
168 186.460251 -18.377288 0.473169 0.006228 0.004098 -0.092284 0.995705
169 186.936969 -18.471560 0.451551 0.006248 0.004216 -0.092280 0.995705
170 187.502153 -18.555828 0.434776 0.006045 0.004237 -0.092186 0.995714
171 188.020308 -18.601968 0.413771 0.005742 0.004481 -0.092116 0.995722
172 188.526047 -18.712539 0.398705 0.005690 0.004774 -0.092149 0.995718
173 189.012337 -18.832359 0.380101 0.005563 0.005108 -0.092147 0.995717
174 189.506033 -18.957402 0.363831 0.005592 0.005294 -0.092285 0.995703
175 190.063430 -19.020277 0.344026 0.005466 0.005419 -0.092169 0.995714
176 190.550834 -19.099593 0.326489 0.005106 0.005514 -0.092196 0.995713
177 191.038139 -19.162006 0.308356 0.004799 0.005778 -0.092296 0.995703
178 191.576093 -19.217234 0.290286 0.004519 0.005819 -0.092499 0.995685
179 192.080030 -19.283838 0.267919 0.004295 0.005717 -0.092955 0.995645
180 192.611345 -19.346046 0.245721 0.004094 0.005647 -0.093400 0.995604
181 193.153659 -19.448970 0.221716 0.003945 0.005592 -0.093724 0.995575
182 193.635854 -19.543270 0.206939 0.003522 0.005250 -0.094313 0.995523
183 194.189228 -19.631518 0.182639 0.002847 0.004708 -0.094922 0.995470
184 194.741234 -19.701121 0.159806 0.002311 0.004443 -0.095319 0.995434
185 195.194795 -19.784745 0.138418 0.002117 0.004590 -0.095930 0.995375
186 195.706813 -19.841676 0.119613 0.002192 0.004911 -0.096498 0.995319
187 196.242508 -19.906981 0.105712 0.002421 0.005304 -0.096989 0.995268
188 196.696094 -20.036801 0.093231 0.002738 0.006086 -0.097443 0.995219
189 197.235261 -20.154325 0.083614 0.002933 0.006713 -0.098142 0.995145
190 197.781949 -20.237220 0.067988 0.002743 0.007062 -0.098517 0.995107
191 198.295789 -20.364009 0.047775 0.002455 0.007048 -0.098805 0.995079
192 198.819928 -20.473547 0.024603 0.002389 0.006987 -0.099099 0.995050
193 199.315354 -20.548292 0.010089 0.002613 0.006984 -0.099511 0.995009
194 199.757424 -20.612776 -0.010468 0.002828 0.007135 -0.099791 0.994979
195 200.240777 -20.742856 -0.023061 0.002917 0.007174 -0.100115 0.994946
196 200.710736 -20.869522 -0.033851 0.002935 0.007424 -0.100689 0.994886
197 201.193301 -20.987483 -0.050181 0.002755 0.007714 -0.101047 0.994848
198 201.565222 -21.073000 -0.069397 0.002601 0.007807 -0.101345 0.994817
199 201.993705 -21.191111 -0.086581 0.002378 0.007762 -0.101604 0.994792
200 202.351496 -21.232865 -0.109626 0.002449 0.007674 -0.101753 0.994777
201 202.769083 -21.348639 -0.129050 0.002267 0.007589 -0.102021 0.994751
202 203.201244 -21.450721 -0.150884 0.002311 0.007251 -0.102333 0.994721
203 203.571099 -21.527104 -0.165361 0.002371 0.007177 -0.102525 0.994702
204 203.931861 -21.612952 -0.189377 0.002278 0.007247 -0.102798 0.994673
205 204.319071 -21.663418 -0.209229 0.002315 0.007325 -0.103017 0.994650
206 204.681474 -21.767641 -0.222302 0.002419 0.007375 -0.103346 0.994615
207 205.049354 -21.834032 -0.238816 0.002435 0.007495 -0.103681 0.994579
208 205.420812 -21.922206 -0.255991 0.002251 0.007583 -0.104173 0.994528
209 205.799734 -22.044760 -0.271354 0.002223 0.007557 -0.104556 0.994488
210 206.166215 -22.124184 -0.294523 0.002406 0.007606 -0.104786 0.994463
211 206.480750 -22.209882 -0.313171 0.002534 0.007641 -0.105050 0.994434
212 206.881613 -22.274934 -0.326620 0.002610 0.006829 -0.105292 0.994414
213 207.256698 -22.315542 -0.347244 0.002669 0.006082 -0.105431 0.994404
214 207.596966 -22.385117 -0.357562 0.002246 0.005826 -0.105694 0.994379
215 207.958800 -22.491635 -0.378830 0.001873 0.005826 -0.106250 0.994321
216 208.360454 -22.609125 -0.392337 0.001936 0.005801 -0.106749 0.994267
217 208.817887 -22.748092 -0.405562 0.001956 0.005720 -0.107211 0.994218
218 209.253426 -22.887159 -0.424244 0.002009 0.005598 -0.107758 0.994159
219 209.655153 -22.978531 -0.443550 0.001727 0.005572 -0.108052 0.994128
220 210.115457 -23.042862 -0.462780 0.001364 0.005325 -0.108371 0.994095
221 210.652489 -23.132949 -0.485190 0.001318 0.005161 -0.108585 0.994073
222 211.178993 -23.267859 -0.505251 0.001651 0.005137 -0.108986 0.994029
223 211.698428 -23.341379 -0.529325 0.001857 0.005204 -0.109062 0.994020
224 212.166854 -23.397038 -0.545723 0.002389 0.005327 -0.109175 0.994005
225 212.742105 -23.536052 -0.554815 0.002199 0.005389 -0.109260 0.993996
226 213.314029 -23.681096 -0.565607 0.001997 0.005521 -0.109448 0.993975
227 213.853890 -23.755236 -0.589979 0.001494 0.005802 -0.109313 0.993989
228 214.388561 -23.884548 -0.615295 0.001401 0.005906 -0.109314 0.993989
229 214.934490 -23.954124 -0.633867 0.001836 0.005860 -0.109220 0.993999
230 215.481716 -24.117087 -0.650583 0.001774 0.005933 -0.109399 0.993979
231 215.988964 -24.240760 -0.660514 0.001610 0.006006 -0.109571 0.993959
232 216.512625 -24.376230 -0.685376 0.001095 0.006191 -0.109756 0.993939
233 217.139265 -24.511878 -0.708337 0.001180 0.006231 -0.109812 0.993932
234 217.649087 -24.673933 -0.727510 0.001392 0.006152 -0.110002 0.993911
235 218.237634 -24.779221 -0.750115 0.001367 0.006055 -0.109959 0.993917
236 218.866068 -24.905233 -0.770046 0.000836 0.006119 -0.109906 0.993923
237 219.399378 -25.017023 -0.799333 0.000817 0.005959 -0.110017 0.993911
238 219.970956 -25.135711 -0.818893 0.001069 0.005684 -0.110160 0.993897
239 220.539427 -25.277778 -0.846951 0.001296 0.005495 -0.110476 0.993863
240 221.183638 -25.373919 -0.868469 0.000938 0.005465 -0.110724 0.993836
241 221.803125 -25.465801 -0.889058 0.000770 0.005308 -0.110909 0.993816
242 222.447504 -25.643817 -0.918774 0.000664 0.005092 -0.111320 0.993771
243 223.112249 -25.744664 -0.937972 0.000460 0.005296 -0.111607 0.993738
244 223.753850 -25.857830 -0.957036 0.000513 0.005665 -0.111970 0.993695
245 224.481682 -25.975714 -0.981542 0.000488 0.006168 -0.112208 0.993666
246 225.175876 -26.147405 -0.993516 0.000640 0.006920 -0.112566 0.993620
247 225.856093 -26.252022 -1.011094 0.001155 0.007739 -0.112909 0.993574
248 226.566603 -26.458804 -1.030750 0.001397 0.008194 -0.113480 0.993506
249 227.286646 -26.643432 -1.049999 0.001189 0.008377 -0.113989 0.993446
250 228.001294 -26.783353 -1.073397 0.001039 0.008479 -0.114335 0.993406
251 228.726897 -26.898523 -1.087840 0.001204 0.008379 -0.114612 0.993374
252 229.359723 -27.084139 -1.106055 0.000877 0.008381 -0.115246 0.993301
253 230.104787 -27.202725 -1.131218 0.000705 0.008448 -0.115560 0.993264
254 230.800774 -27.366147 -1.151529 0.000498 0.008406 -0.116003 0.993213
255 231.475867 -27.505264 -1.174342 0.000643 0.008520 -0.116328 0.993174
256 232.166638 -27.726295 -1.169512 0.000612 0.008651 -0.116713 0.993128
257 232.895160 -27.916995 -1.179411 0.000732 0.009037 -0.117125 0.993076
258 233.623419 -28.038172 -1.205387 0.000648 0.009105 -0.117349 0.993049
259 234.340144 -28.158595 -1.223211 0.000816 0.009313 -0.117538 0.993024
260 235.011326 -28.364824 -1.244714 0.001277 0.009638 -0.117847 0.992984
261 235.613955 -28.463390 -1.259826 0.002136 0.009735 -0.117977 0.992966
262 236.265728 -28.599138 -1.281543 0.002172 0.009630 -0.118163 0.992945
263 236.906431 -28.729409 -1.309616 0.001984 0.009413 -0.118323 0.992929
264 237.607542 -28.932662 -1.343641 0.001814 0.008881 -0.118336 0.992932
265 238.306762 -29.088721 -1.358533 0.002309 0.008240 -0.118271 0.992944
266 238.860895 -29.250507 -1.377618 0.002471 0.008271 -0.118425 0.992926
267 239.416514 -29.390713 -1.394621 0.002252 0.008712 -0.118707 0.992889
268 240.025090 -29.523926 -1.416908 0.002257 0.009331 -0.118857 0.992865
269 240.609415 -29.640496 -1.433480 0.002403 0.009807 -0.118862 0.992859
270 241.113378 -29.744464 -1.451470 0.002313 0.009933 -0.118973 0.992845
271 241.704171 -29.829881 -1.467784 0.002109 0.010034 -0.118895 0.992854
272 242.188955 -29.960289 -1.483655 0.001762 0.010293 -0.118558 0.992892
273 242.754248 -30.039434 -1.498769 0.001546 0.010459 -0.117898 0.992969
274 243.287830 -30.164953 -1.510914 0.001518 0.010600 -0.117524 0.993012
275 243.794804 -30.312487 -1.503047 0.001622 0.011099 -0.117153 0.993051
276 244.274777 -30.451142 -1.514388 0.001739 0.011435 -0.116635 0.993108
277 244.631717 -30.499000 -1.523265 0.001843 0.011551 -0.116284 0.993147
278 244.994157 -30.639714 -1.534077 0.001510 0.011806 -0.116127 0.993163
279 245.386516 -30.800919 -1.547959 0.001261 0.012206 -0.115926 0.993182
280 245.688785 -30.842717 -1.561548 0.001377 0.012478 -0.115616 0.993215
281 245.967224 -30.961758 -1.569657 0.001462 0.012609 -0.115393 0.993239
282 246.265146 -31.086949 -1.580527 0.001503 0.012516 -0.115194 0.993263
283 246.587323 -31.215081 -1.592312 0.001390 0.011947 -0.114844 0.993311
284 246.900844 -31.213679 -1.603945 0.001175 0.010875 -0.114441 0.993370
285 247.165669 -31.235707 -1.597207 0.001075 0.010148 -0.113693 0.993463
286 247.367181 -31.291389 -1.608642 0.001155 0.010046 -0.113416 0.993496
287 247.677935 -31.422147 -1.617260 0.001058 0.009971 -0.113051 0.993539
288 247.912034 -31.425143 -1.630946 0.001336 0.009981 -0.112688 0.993579
289 248.113330 -31.491717 -1.638321 0.001416 0.010029 -0.112493 0.993601
290 248.328878 -31.575423 -1.642706 0.001120 0.010024 -0.112430 0.993608
291 248.539441 -31.649855 -1.658326 0.000241 0.010021 -0.112363 0.993617
292 248.744774 -31.722719 -1.651944 0.000075 0.010010 -0.112325 0.993621
293 248.975034 -31.732981 -1.662394 0.000119 0.010115 -0.112363 0.993616
294 249.285612 -31.816265 -1.668858 0.000243 0.010163 -0.112483 0.993602
295 249.583904 -31.841875 -1.677691 0.000111 0.010183 -0.112518 0.993598
296 249.831128 -31.942871 -1.683498 -0.000451 0.010155 -0.112638 0.993584
297 250.147739 -31.997684 -1.693857 -0.000670 0.010123 -0.112700 0.993577
298 250.360732 -32.029753 -1.718116 -0.000282 0.009921 -0.112706 0.993579
299 250.602236 -32.061367 -1.707093 -0.000109 0.009809 -0.112773 0.993572
