0 0.000000 0.000000 0.000000 0.000000 0.000000 0.000000 1.000000
1 3.240237 -0.001861 0.025918 -0.000303 -0.000219 -0.001430 0.999999
2 4.783731 -0.005845 0.036055 -0.000516 0.000331 -0.002221 0.999997
3 6.473409 -0.000161 0.045489 -0.000893 0.000348 -0.003345 0.999994
4 8.006340 -0.000637 0.054458 -0.001224 0.000083 -0.004607 0.999989
5 9.690031 -0.003162 0.069076 -0.001523 0.000658 -0.006185 0.999979
6 11.218112 -0.010834 0.096673 -0.001144 0.001185 -0.007366 0.999972
7 12.745374 -0.022662 0.126501 -0.000807 0.001519 -0.008294 0.999964
8 14.425134 -0.033719 0.162367 -0.000163 0.001580 -0.009230 0.999956
9 15.949760 -0.050400 0.188427 0.000252 0.001517 -0.010091 0.999948
10 17.473596 -0.068893 0.216555 0.000570 0.001771 -0.010962 0.999938
11 19.147075 -0.097901 0.240749 0.000642 0.000583 -0.011800 0.999930
12 20.663353 -0.131108 0.285698 0.000148 0.000443 -0.012637 0.999920
13 22.327796 -0.169153 0.322507 -0.000449 0.001205 -0.013552 0.999907
14 23.837762 -0.205813 0.353236 -0.000403 0.001356 -0.014175 0.999899
15 25.343787 -0.242755 0.377189 -0.000307 0.000500 -0.014701 0.999892
16 26.995783 -0.285710 0.409102 -0.000018 -0.000743 -0.015221 0.999884
17 28.496199 -0.326966 0.442015 0.000229 -0.000868 -0.015678 0.999877
18 30.145863 -0.360116 0.482912 0.000058 -0.000109 -0.016046 0.999871
19 31.641408 -0.386324 0.507019 0.000239 0.001173 -0.016491 0.999863
20 33.131054 -0.418631 0.529748 0.000296 0.002028 -0.017022 0.999853
21 34.768869 -0.447746 0.548681 0.000617 0.001697 -0.017423 0.999847
22 36.247769 -0.482582 0.559060 0.001039 0.001106 -0.017814 0.999840
23 37.725800 -0.520004 0.574267 0.000694 0.000452 -0.018169 0.999835
24 39.345366 -0.567100 0.596002 0.000525 -0.000353 -0.018695 0.999825
25 40.810211 -0.605424 0.607970 -0.000312 -0.000904 -0.019658 0.999806
26 42.416364 -0.657966 0.632770 -0.000863 -0.000994 -0.021068 0.999777
27 43.863666 -0.719000 0.665865 -0.001088 -0.000879 -0.022172 0.999753
28 45.307238 -0.784759 0.704483 -0.001169 -0.000432 -0.022968 0.999735
29 46.890143 -0.859641 0.746607 -0.001353 0.000088 -0.023987 0.999711
30 48.326697 -0.927594 0.778533 -0.001361 0.000648 -0.025178 0.999682
31 49.760747 -0.997539 0.807078 -0.001578 0.001064 -0.026537 0.999646
32 51.327108 -1.083570 0.835207 -0.001564 0.000755 -0.027951 0.999608
33 52.752148 -1.158706 0.856960 -0.001675 0.000359 -0.029033 0.999577
34 54.311949 -1.254295 0.877327 -0.001126 0.000016 -0.030090 0.999547
35 55.730811 -1.340941 0.892449 -0.000801 -0.000236 -0.030920 0.999522
36 57.149033 -1.430282 0.907343 -0.001057 -0.000654 -0.031649 0.999498
37 58.708430 -1.528566 0.923608 -0.001321 -0.001186 -0.032577 0.999468
38 60.119640 -1.616551 0.923856 -0.001837 -0.001736 -0.033464 0.999437
39 61.673498 -1.709609 0.935328 -0.002148 -0.001208 -0.034413 0.999405
40 63.082774 -1.797008 0.941777 -0.001788 -0.000205 -0.035134 0.999381
41 64.493117 -1.887233 0.946276 -0.001154 0.000267 -0.035849 0.999357
42 66.045331 -1.985981 0.945673 -0.001096 -0.000273 -0.036724 0.999325
43 67.457543 -2.074199 0.943455 -0.001479 -0.000797 -0.037926 0.999279
44 68.870653 -2.160829 0.941717 -0.002388 -0.000949 -0.039471 0.999217
45 70.425981 -2.255670 0.947633 -0.002842 -0.001423 -0.041172 0.999147
46 71.836689 -2.355314 0.949605 -0.003000 -0.001938 -0.042466 0.999092
47 73.398157 -2.463227 0.957692 -0.002964 -0.002618 -0.043641 0.999039
48 74.817072 -2.567010 0.977396 -0.002655 -0.002382 -0.044693 0.998994
49 76.230453 -2.673376 0.990958 -0.002317 -0.001947 -0.045624 0.998954
50 77.783357 -2.796584 1.013226 -0.001853 -0.001598 -0.046663 0.998908
51 79.194083 -2.911726 1.034425 -0.001416 -0.001598 -0.047433 0.998872
52 80.597111 -3.037636 1.047634 -0.001262 -0.002149 -0.048181 0.998836
53 82.136181 -3.178989 1.063131 -0.001302 -0.002205 -0.048800 0.998805
54 83.531460 -3.307029 1.081960 -0.001408 -0.001240 -0.049417 0.998776
55 85.059872 -3.450638 1.100831 -0.001384 0.000270 -0.050116 0.998742
56 86.447412 -3.584650 1.117756 -0.001024 0.000916 -0.050716 0.998712
57 87.834013 -3.719474 1.130996 -0.000869 0.000640 -0.051155 0.998690
58 89.354123 -3.871399 1.135860 -0.000586 -0.000435 -0.051761 0.998659
59 90.732384 -4.013953 1.137595 -0.001061 -0.001340 -0.052240 0.998633
60 92.107077 -4.162001 1.140335 -0.001339 -0.002052 -0.052762 0.998604
61 93.618867 -4.324756 1.155097 -0.001680 -0.003235 -0.053298 0.998572
62 94.989101 -4.478836 1.175047 -0.001432 -0.003959 -0.053714 0.998547
63 96.492321 -4.643815 1.205288 -0.001297 -0.004337 -0.054068 0.998527
64 97.852776 -4.798597 1.244456 -0.001146 -0.003799 -0.054518 0.998505
65 99.208578 -4.946524 1.265324 -0.001621 -0.003124 -0.055408 0.998458
66 100.695400 -5.108389 1.280378 -0.001749 -0.002572 -0.056935 0.998373
67 102.039768 -5.262418 1.287676 -0.001705 -0.002418 -0.058132 0.998304
68 103.508167 -5.434316 1.297973 -0.000740 -0.002567 -0.058859 0.998263
69 104.831889 -5.591111 1.313629 -0.000246 -0.002440 -0.059174 0.998245
70 106.143804 -5.747581 1.327573 -0.000016 -0.002411 -0.059668 0.998215
71 107.569597 -5.918600 1.345534 -0.000285 -0.002259 -0.060294 0.998178
72 108.851570 -6.072208 1.364838 -0.001085 -0.002415 -0.060789 0.998147
73 110.114669 -6.224962 1.377770 -0.001425 -0.002562 -0.061399 0.998109
74 111.488648 -6.388199 1.406451 -0.002064 -0.002336 -0.062510 0.998039
75 112.718257 -6.535983 1.438279 -0.002151 -0.001765 -0.063597 0.997972
76 114.048395 -6.698594 1.468084 -0.001352 -0.000408 -0.064499 0.997917
77 115.239033 -6.847807 1.486224 -0.000553 0.000115 -0.065238 0.997870
78 116.416051 -6.997151 1.496613 0.000206 -0.000821 -0.065897 0.997826
79 117.688077 -7.162759 1.505661 0.000188 -0.001943 -0.066515 0.997784
80 118.827282 -7.311096 1.521252 0.000030 -0.002500 -0.067358 0.997726
81 119.950388 -7.459192 1.539291 -0.000359 -0.002750 -0.068148 0.997671
82 121.164176 -7.620709 1.562999 -0.000621 -0.003118 -0.068998 0.997612
83 122.250702 -7.766739 1.586692 -0.000591 -0.003331 -0.069709 0.997562
84 123.432329 -7.926102 1.614170 -0.000749 -0.003366 -0.070389 0.997514
85 124.492695 -8.072899 1.626353 -0.000415 -0.003490 -0.071035 0.997468
86 125.540630 -8.220151 1.637030 -0.000326 -0.003779 -0.071521 0.997432
87 126.684643 -8.380016 1.666932 -0.000275 -0.003462 -0.072170 0.997386
88 127.713400 -8.527752 1.687501 -0.000314 -0.002831 -0.072698 0.997350
89 128.834715 -8.690358 1.697796 -0.000452 -0.002338 -0.073339 0.997304
90 129.845897 -8.842791 1.700383 -0.000826 -0.002253 -0.073862 0.997266
91 130.847384 -8.993639 1.703955 -0.000961 -0.002384 -0.074325 0.997231
92 131.941570 -9.159160 1.692843 -0.000705 -0.003047 -0.074861 0.997189
93 132.933544 -9.304644 1.684565 -0.000580 -0.003723 -0.075296 0.997154
94 134.019427 -9.470385 1.686143 -0.000466 -0.003874 -0.075887 0.997109
95 135.001732 -9.622197 1.693361 -0.000340 -0.003879 -0.076293 0.997078
96 135.980691 -9.774102 1.703379 0.000038 -0.003910 -0.076733 0.997044
97 137.053779 -9.941379 1.712260 0.000294 -0.004207 -0.077144 0.997011
98 138.026637 -10.092769 1.724166 0.000265 -0.004720 -0.077520 0.996980
99 139.088896 -10.261482 1.730854 0.000263 -0.005014 -0.077982 0.996942
100 140.050512 -10.414113 1.737954 0.000363 -0.005089 -0.078279 0.996918
101 141.007896 -10.568350 1.751200 0.000359 -0.005095 -0.078538 0.996898
102 142.055745 -10.735042 1.773529 -0.000069 -0.005489 -0.078753 0.996879
103 143.002879 -10.884749 1.804109 -0.000218 -0.005671 -0.079086 0.996852
104 144.029454 -11.048625 1.824518 -0.000430 -0.005087 -0.079318 0.996836
105 144.951600 -11.196651 1.845225 -0.000665 -0.003914 -0.079820 0.996801
106 145.864861 -11.342312 1.867277 -0.000608 -0.003306 -0.080353 0.996761
107 146.857237 -11.503681 1.895599 -0.000088 -0.002819 -0.080932 0.996716
108 147.745236 -11.648976 1.920144 0.000369 -0.002616 -0.081521 0.996668
109 148.703760 -11.810663 1.937246 0.000827 -0.002267 -0.082194 0.996613
110 149.561991 -11.953469 1.953550 0.001360 -0.002565 -0.082760 0.996565
111 150.405324 -12.094632 1.972442 0.001672 -0.002564 -0.083284 0.996521
112 151.315511 -12.246415 1.993101 0.002404 -0.002431 -0.083845 0.996473
113 152.127040 -12.380341 2.014046 0.002585 -0.002297 -0.084181 0.996444
114 153.001635 -12.522530 2.038346 0.002464 -0.002113 -0.084643 0.996406
115 153.777302 -12.649324 2.055820 0.002211 -0.002182 -0.085012 0.996375
116 154.535264 -12.772871 2.073732 0.002221 -0.002378 -0.085352 0.996346
117 155.342675 -12.907024 2.092468 0.001852 -0.002468 -0.085709 0.996315
118 156.063380 -13.023314 2.115258 0.001615 -0.002589 -0.086147 0.996278
119 156.830240 -13.149392 2.136302 0.001243 -0.002690 -0.086604 0.996238
120 157.510617 -13.256526 2.162505 0.001294 -0.002711 -0.087012 0.996203
121 158.166931 -13.363428 2.185039 0.001162 -0.002604 -0.087371 0.996172
122 158.869731 -13.474153 2.212123 0.001261 -0.002333 -0.087895 0.996126
123 159.488408 -13.572847 2.235465 0.000804 -0.002286 -0.088406 0.996082
124 160.149947 -13.676835 2.272861 0.001106 -0.002068 -0.089285 0.996003
125 160.727390 -13.772339 2.298879 0.001172 -0.001968 -0.089924 0.995946
126 161.349925 -13.876037 2.326561 0.000844 -0.002203 -0.090633 0.995882
127 161.902483 -13.969954 2.346557 0.000250 -0.002601 -0.091206 0.995829
128 162.447988 -14.063719 2.368069 0.000315 -0.003270 -0.091818 0.995770
129 163.041354 -14.170012 2.386813 0.000733 -0.004202 -0.092345 0.995718
130 163.575982 -14.268573 2.401635 0.000739 -0.004648 -0.092852 0.995669
131 164.162865 -14.375903 2.414231 0.000681 -0.004782 -0.093594 0.995599
132 164.692810 -14.473386 2.424138 0.000291 -0.005042 -0.094183 0.995542
133 165.224822 -14.568787 2.444566 0.000152 -0.005246 -0.094623 0.995499
134 165.802020 -14.675138 2.460960 0.000107 -0.005202 -0.095182 0.995446
135 166.324694 -14.771913 2.473469 0.000178 -0.005303 -0.095750 0.995391
136 166.893835 -14.879687 2.486640 -0.000019 -0.005680 -0.096227 0.995343
137 167.411121 -14.976193 2.503689 -0.000396 -0.005603 -0.096634 0.995304
138 167.926283 -15.072064 2.520926 -0.000360 -0.005658 -0.097115 0.995257
139 168.492143 -15.177297 2.536254 -0.000047 -0.006079 -0.097581 0.995209
140 169.003245 -15.274125 2.548561 0.000185 -0.006400 -0.097988 0.995167
141 169.563978 -15.379168 2.565475 0.000103 -0.006426 -0.098451 0.995121
142 170.073323 -15.473323 2.586578 -0.000140 -0.006379 -0.098856 0.995081
143 170.578616 -15.567690 2.608904 -0.000226 -0.006186 -0.099203 0.995048
144 171.130663 -15.672326 2.635566 0.000085 -0.006144 -0.099510 0.995018
145 171.628909 -15.768409 2.657523 0.000711 -0.006289 -0.099730 0.994994
146 172.173610 -15.874971 2.681711 0.001077 -0.006336 -0.099939 0.994973
147 172.665637 -15.970350 2.700512 0.000960 -0.006420 -0.100204 0.994946
148 173.159253 -16.064212 2.720538 0.000672 -0.006403 -0.100310 0.994935
149 173.696366 -16.167602 2.739508 0.000960 -0.006544 -0.100422 0.994923
150 174.184467 -16.260865 2.757218 0.001354 -0.006386 -0.100580 0.994908
151 174.714698 -16.366129 2.768528 0.001354 -0.006099 -0.100738 0.994893
152 175.197546 -16.460667 2.784918 0.001631 -0.006094 -0.100909 0.994876
153 175.676252 -16.555919 2.799703 0.001637 -0.006303 -0.101023 0.994863
154 176.201119 -16.660582 2.814150 0.001668 -0.006405 -0.101208 0.994843
155 176.674990 -16.757365 2.826497 0.001635 -0.006586 -0.101127 0.994850
156 177.198451 -16.864265 2.843310 0.001738 -0.007134 -0.100746 0.994885
157 177.674289 -16.959684 2.858593 0.002025 -0.007637 -0.100513 0.994904
158 178.195839 -17.064743 2.876917 0.002035 -0.007596 -0.100309 0.994925
159 178.669915 -17.160353 2.892611 0.001763 -0.007704 -0.100106 0.994945
160 179.145132 -17.256544 2.906403 0.001371 -0.008034 -0.099961 0.994958
161 179.670681 -17.363007 2.926445 0.001394 -0.008548 -0.100078 0.994942
162 180.150193 -17.460152 2.945606 0.001551 -0.008817 -0.100139 0.994933
163 180.681006 -17.569334 2.968975 0.001831 -0.008892 -0.100082 0.994938
164 181.165088 -17.668137 2.992157 0.001894 -0.008817 -0.100160 0.994930
165 181.653143 -17.767138 3.018287 0.001807 -0.009131 -0.100254 0.994918
166 182.193411 -17.875541 3.043320 0.002068 -0.009388 -0.100326 0.994908
167 182.693539 -17.972670 3.070195 0.001840 -0.009286 -0.100320 0.994910
168 183.242375 -18.081735 3.093758 0.001808 -0.009280 -0.100399 0.994902
169 183.744705 -18.181240 3.116027 0.001810 -0.009416 -0.100537 0.994887
170 184.245888 -18.281655 3.131000 0.001450 -0.009080 -0.100607 0.994884
171 184.801415 -18.388797 3.155377 0.001600 -0.008591 -0.100616 0.994887
172 185.304550 -18.486052 3.178819 0.001720 -0.008229 -0.100695 0.994882
173 185.855764 -18.592585 3.202703 0.001812 -0.007909 -0.100865 0.994867
174 186.352716 -18.690352 3.222213 0.001672 -0.007775 -0.100870 0.994868
175 186.847150 -18.788058 3.241008 0.001335 -0.007715 -0.100905 0.994865
176 187.394686 -18.891141 3.269083 0.000869 -0.007477 -0.101204 0.994837
177 187.887324 -18.985456 3.291651 0.000481 -0.007516 -0.101661 0.994791
178 188.426441 -19.090013 3.312339 0.000357 -0.007850 -0.102280 0.994725
179 188.911381 -19.187020 3.325941 0.000223 -0.008069 -0.102793 0.994670
180 189.395652 -19.280774 3.346364 0.000363 -0.008218 -0.103298 0.994616
181 189.924963 -19.385383 3.365532 0.000138 -0.009098 -0.103974 0.994538
182 190.402278 -19.480836 3.383222 -0.000489 -0.010133 -0.104516 0.994471
183 190.922145 -19.586476 3.401226 -0.000929 -0.010530 -0.105042 0.994412
184 191.393035 -19.681033 3.419913 -0.000921 -0.010507 -0.105675 0.994345
185 191.861453 -19.775939 3.440725 -0.000670 -0.009905 -0.106260 0.994289
186 192.376831 -19.877648 3.468930 -0.000162 -0.009123 -0.106816 0.994237
187 192.838913 -19.971665 3.494986 0.000515 -0.008121 -0.107404 0.994182
188 193.344458 -20.073324 3.523296 0.000885 -0.007004 -0.108084 0.994117
189 193.798112 -20.166756 3.542266 0.000695 -0.006519 -0.108629 0.994061
190 194.293901 -20.268153 3.562938 0.000322 -0.006579 -0.109028 0.994017
191 194.737909 -20.361062 3.579428 0.000534 -0.006733 -0.109450 0.993969
192 195.175264 -20.453737 3.597329 0.001172 -0.006811 -0.109908 0.993918
193 195.646311 -20.555736 3.617248 0.001760 -0.006675 -0.110279 0.993877
194 196.066327 -20.647161 3.635605 0.002014 -0.006636 -0.110619 0.993839
195 196.519713 -20.742285 3.660413 0.002306 -0.006211 -0.111140 0.993783
196 196.921538 -20.828542 3.679485 0.002137 -0.005676 -0.111596 0.993735
197 197.314154 -20.912962 3.695417 0.001925 -0.005624 -0.111952 0.993696
198 197.736095 -21.007395 3.708691 0.001843 -0.005951 -0.112258 0.993660
199 198.114991 -21.091052 3.719307 0.002068 -0.006226 -0.112541 0.993625
200 198.527745 -21.180908 3.734230 0.001955 -0.006413 -0.112962 0.993577
201 198.899791 -21.260513 3.748845 0.002347 -0.006875 -0.113287 0.993536
202 199.265637 -21.341495 3.759882 0.002719 -0.007241 -0.113485 0.993510
203 199.662983 -21.427203 3.772288 0.002938 -0.007112 -0.113960 0.993456
204 200.020293 -21.506615 3.784105 0.003068 -0.007112 -0.114313 0.993415
205 200.413216 -21.591097 3.802918 0.003431 -0.007099 -0.114734 0.993365
206 200.768220 -21.667294 3.816976 0.003503 -0.006925 -0.115053 0.993329
207 201.119270 -21.741954 3.830357 0.003236 -0.006774 -0.115500 0.993279
208 201.500462 -21.822104 3.844049 0.002954 -0.006664 -0.115971 0.993226
209 201.848296 -21.894461 3.856320 0.003294 -0.006661 -0.116308 0.993185
210 202.232710 -21.972280 3.870495 0.003542 -0.006832 -0.116868 0.993118
211 202.586693 -22.049769 3.879421 0.003636 -0.008042 -0.117198 0.993069
212 202.950073 -22.126438 3.891708 0.003560 -0.009059 -0.117567 0.993017
213 203.358542 -22.217821 3.903610 0.003341 -0.009678 -0.118076 0.992952
214 203.745352 -22.299014 3.923780 0.002960 -0.009836 -0.118547 0.992895
215 204.180268 -22.395438 3.946094 0.003324 -0.009639 -0.118976 0.992845
216 204.589767 -22.484631 3.968026 0.003532 -0.009774 -0.119439 0.992787
217 205.007654 -22.578953 3.985241 0.003645 -0.010020 -0.119914 0.992727
218 205.481664 -22.681850 4.004121 0.003110 -0.010312 -0.120371 0.992671
219 205.926394 -22.778731 4.022441 0.002777 -0.010682 -0.120715 0.992626
220 206.427439 -22.890704 4.047809 0.002693 -0.010917 -0.121222 0.992562
221 206.891671 -22.998295 4.070463 0.003239 -0.010899 -0.121614 0.992512
222 207.363853 -23.111078 4.090660 0.003618 -0.010871 -0.121992 0.992465
223 207.894591 -23.236706 4.116866 0.004368 -0.011000 -0.122324 0.992420
224 208.388034 -23.352932 4.139550 0.004233 -0.010996 -0.122589 0.992388
225 208.941010 -23.480073 4.167123 0.003861 -0.010628 -0.122837 0.992362
226 209.448719 -23.600120 4.187915 0.003413 -0.010412 -0.122994 0.992347
227 210.014690 -23.729279 4.210386 0.003623 -0.010342 -0.123114 0.992332
228 210.532036 -23.850652 4.230590 0.004424 -0.010483 -0.123211 0.992315
229 211.055882 -23.970309 4.251757 0.004298 -0.010539 -0.123345 0.992299
230 211.632206 -24.103964 4.273821 0.003940 -0.010415 -0.123604 0.992269
231 212.156685 -24.224807 4.299171 0.003402 -0.010111 -0.123789 0.992251
232 212.737887 -24.361419 4.322477 0.003638 -0.010055 -0.123966 0.992229
233 213.273648 -24.482534 4.344627 0.003761 -0.010198 -0.123886 0.992237
234 213.816807 -24.609536 4.366907 0.003728 -0.010504 -0.124022 0.992217
235 214.420369 -24.748034 4.393510 0.003321 -0.010529 -0.124111 0.992207
236 214.976695 -24.876473 4.416828 0.003129 -0.010726 -0.124191 0.992195
237 215.598314 -25.020521 4.441920 0.003350 -0.011317 -0.124349 0.992168
238 216.177894 -25.158622 4.465879 0.003505 -0.011750 -0.124746 0.992113
239 216.767453 -25.303124 4.488972 0.003088 -0.011983 -0.125170 0.992058
240 217.428746 -25.468692 4.515466 0.002767 -0.012311 -0.125661 0.991993
241 218.039992 -25.624119 4.537576 0.002920 -0.012636 -0.125980 0.991948
242 218.726506 -25.795167 4.568677 0.003119 -0.012565 -0.126468 0.991886
243 219.360904 -25.952796 4.601066 0.002970 -0.012090 -0.126893 0.991838
244 220.002344 -26.110495 4.635171 0.002876 -0.011401 -0.127432 0.991778
245 220.711952 -26.287281 4.666713 0.003110 -0.010200 -0.128058 0.991709
246 221.360179 -26.445721 4.696506 0.003676 -0.009261 -0.128506 0.991659
247 222.067219 -26.623125 4.723333 0.004039 -0.008618 -0.129046 0.991593
248 222.717145 -26.776455 4.748515 0.003850 -0.008280 -0.129513 0.991536
249 223.361041 -26.935233 4.769970 0.003754 -0.008254 -0.129938 0.991481
250 224.065320 -27.112956 4.789609 0.004047 -0.008454 -0.130377 0.991420
251 224.700509 -27.274851 4.809498 0.003551 -0.008542 -0.130811 0.991364
252 225.397895 -27.450608 4.833096 0.003167 -0.008444 -0.131362 0.991293
253 226.029979 -27.611913 4.857185 0.002836 -0.008393 -0.131840 0.991231
254 226.657199 -27.773231 4.881693 0.003304 -0.008385 -0.132277 0.991172
255 227.343768 -27.950666 4.910699 0.003455 -0.008006 -0.132758 0.991110
256 227.963980 -28.110831 4.936168 0.003749 -0.007556 -0.133317 0.991038
257 228.645964 -28.286412 4.967474 0.003338 -0.007470 -0.133663 0.990993
258 229.262961 -28.446020 4.994706 0.003733 -0.007273 -0.134002 0.990947
259 229.877932 -28.603812 5.022392 0.004463 -0.006770 -0.134318 0.990905
260 230.671015 -28.809756 5.053071 0.005534 -0.006902 -0.134530 0.990870
261 231.157450 -28.935790 5.071282 0.005569 -0.007028 -0.134694 0.990847
262 231.822824 -29.110907 5.092441 0.005146 -0.007408 -0.134932 0.990814
263 232.427655 -29.269332 5.113234 0.004869 -0.008219 -0.135014 0.990798
264 233.024199 -29.429387 5.132430 0.005390 -0.009067 -0.135092 0.990777
265 233.673895 -29.604371 5.156503 0.005665 -0.009201 -0.135224 0.990756
266 234.253258 -29.758852 5.177456 0.005570 -0.008717 -0.135413 0.990735
267 234.875409 -29.921213 5.205396 0.005629 -0.007682 -0.135706 0.990703
268 235.420692 -30.065233 5.229338 0.005781 -0.006931 -0.135797 0.990696
269 236.000776 -30.218580 5.252356 0.005611 -0.006998 -0.135885 0.990684
270 236.507055 -30.352685 5.270923 0.005226 -0.006840 -0.135887 0.990687
271 236.991989 -30.482919 5.288469 0.004774 -0.006517 -0.135577 0.990734
272 237.504547 -30.617580 5.311895 0.004379 -0.006218 -0.134988 0.990818
273 237.948119 -30.734425 5.326665 0.004320 -0.006047 -0.134562 0.990877
274 238.409661 -30.855581 5.348593 0.004750 -0.005241 -0.134178 0.990932
275 238.806606 -30.961905 5.367521 0.004903 -0.004650 -0.133743 0.990993
276 239.186166 -31.062455 5.380209 0.005093 -0.004673 -0.133481 0.991027
277 239.582449 -31.166413 5.393954 0.004631 -0.004285 -0.133195 0.991070
278 239.922757 -31.255512 5.408009 0.004459 -0.003683 -0.132972 0.991103
279 240.272115 -31.349831 5.420061 0.004632 -0.003232 -0.132604 0.991153
280 240.570523 -31.431258 5.429459 0.004864 -0.002995 -0.132293 0.991194
281 240.852687 -31.507474 5.437106 0.004902 -0.003154 -0.132050 0.991226
282 241.153549 -31.583056 5.448888 0.004425 -0.004222 -0.131697 0.991271
283 241.420033 -31.650668 5.457271 0.004161 -0.005683 -0.131247 0.991325
284 241.710310 -31.722941 5.468240 0.003900 -0.006649 -0.130727 0.991388
285 241.971759 -31.787638 5.478704 0.003963 -0.006979 -0.130352 0.991435
286 242.232430 -31.850697 5.489945 0.004055 -0.007115 -0.129935 0.991489
287 242.519253 -31.915787 5.502631 0.004344 -0.007211 -0.129698 0.991518
288 242.775473 -31.976266 5.512540 0.004578 -0.007287 -0.129468 0.991546
289 243.055130 -32.039238 5.522765 0.004318 -0.007605 -0.129493 0.991542
290 243.307856 -32.098864 5.531231 0.003636 -0.007859 -0.129438 0.991550
291 243.584070 -32.164460 5.543728 0.003388 -0.007887 -0.129359 0.991561
292 243.831606 -32.223588 5.556293 0.003609 -0.007773 -0.129503 0.991542
293 244.075013 -32.282094 5.571352 0.003929 -0.007721 -0.129651 0.991522
294 244.341132 -32.348851 5.584944 0.003609 -0.007614 -0.129748 0.991511
295 244.582082 -32.409615 5.597090 0.003023 -0.007747 -0.129852 0.991498
296 244.847250 -32.477456 5.609327 0.002482 -0.007793 -0.129982 0.991483
297 245.087193 -32.539665 5.623461 0.002904 -0.008116 -0.130037 0.991472
298 245.326661 -32.601626 5.635371 0.003368 -0.008519 -0.130094 0.991459
299 245.586860 -32.668885 5.647453 0.003392 -0.008455 -0.130354 0.991426
