0 0.000000 0.000000 0.000000 0.000000 0.000000 0.000000 1.000000
1 1.595667 -0.025468 0.022330 -0.000307 -0.000155 -0.000745 1.000000
2 3.206526 -0.025243 0.043991 -0.000380 -0.000037 -0.001601 0.999999
3 4.863677 -0.057667 0.066913 -0.000811 0.000364 -0.002338 0.999997
4 6.439785 -0.080104 0.086821 -0.000979 0.000675 -0.003404 0.999993
5 8.043708 -0.065032 0.114902 -0.001335 0.000847 -0.004778 0.999987
6 9.613167 -0.077935 0.133025 -0.001506 0.001313 -0.006195 0.999979
7 11.239848 -0.069794 0.152662 -0.000951 0.001899 -0.007465 0.999970
8 12.809437 -0.122268 0.172812 -0.000628 0.002309 -0.008664 0.999960
9 14.377897 -0.172141 0.191207 -0.000218 0.002529 -0.009448 0.999952
10 15.975758 -0.167776 0.207800 0.000467 0.002875 -0.010237 0.999943
11 17.605504 -0.215003 0.220500 0.000899 0.002952 -0.011019 0.999935
12 19.252355 -0.225882 0.241964 0.000897 0.002201 -0.011774 0.999928
13 20.909177 -0.259718 0.264103 0.000238 0.002172 -0.012553 0.999919
14 22.486404 -0.325589 0.272297 -0.000370 0.002661 -0.013621 0.999904
15 24.145557 -0.341837 0.285344 -0.000406 0.002797 -0.014124 0.999896
16 25.715253 -0.352037 0.302096 -0.000040 0.002200 -0.014599 0.999891
17 27.317486 -0.430524 0.312928 0.000067 0.001359 -0.015112 0.999885
18 28.888273 -0.468125 0.335945 -0.000149 0.001414 -0.015720 0.999875
19 30.483361 -0.465765 0.351848 -0.000246 0.002156 -0.016005 0.999870
20 32.104868 -0.547951 0.369069 -0.000349 0.003136 -0.016501 0.999859
21 33.639978 -0.575064 0.384533 0.000112 0.003853 -0.016977 0.999848
22 35.243093 -0.586926 0.399376 0.000528 0.003879 -0.017213 0.999844
23 36.773739 -0.645532 0.420887 0.000835 0.003531 -0.017681 0.999837
24 38.299366 -0.657130 0.433366 0.000819 0.003150 -0.018123 0.999830
25 39.873710 -0.762477 0.449979 0.000492 0.002454 -0.018870 0.999819
26 41.445012 -0.809649 0.475866 -0.000492 0.002096 -0.019827 0.999801
27 42.998050 -0.850683 0.493338 -0.000847 0.002155 -0.021037 0.999776
28 44.578415 -0.907912 0.508293 -0.001006 0.002266 -0.022138 0.999752
29 46.148235 -1.005945 0.522068 -0.001391 0.002800 -0.023181 0.999726
30 47.699885 -1.084333 0.543376 -0.001385 0.003483 -0.024127 0.999702
31 49.180442 -1.174260 0.563347 -0.001472 0.004105 -0.025380 0.999668
32 50.691805 -1.261740 0.574012 -0.001549 0.004479 -0.026789 0.999630
33 52.235935 -1.388214 0.591936 -0.001308 0.004445 -0.028238 0.999590
34 53.776652 -1.438513 0.599223 -0.001347 0.004184 -0.029266 0.999562
35 55.265342 -1.546485 0.613419 -0.000719 0.003782 -0.030157 0.999538
36 56.712347 -1.692908 0.629315 -0.000805 0.003731 -0.031198 0.999506
37 58.262343 -1.779766 0.638626 -0.000608 0.003615 -0.031757 0.999489
38 59.719255 -1.832401 0.645315 -0.000687 0.003336 -0.032394 0.999469
39 61.154001 -1.898688 0.660009 -0.000906 0.003152 -0.033233 0.999442
40 62.650378 -2.042364 0.670932 -0.001348 0.003527 -0.034268 0.999406
41 64.201606 -2.198808 0.675268 -0.001086 0.004326 -0.035121 0.999373
42 65.735965 -2.342670 0.684953 -0.000102 0.004846 -0.035835 0.999346
43 67.182155 -2.405035 0.690839 0.000339 0.004829 -0.036425 0.999325
44 68.648485 -2.467650 0.705363 -0.000005 0.004537 -0.037665 0.999280
45 70.156975 -2.559350 0.710445 -0.000680 0.004523 -0.039230 0.999220
46 71.694374 -2.643326 0.718142 -0.000736 0.004287 -0.040720 0.999161
47 73.150622 -2.729430 0.724823 -0.000632 0.003878 -0.042173 0.999103
48 74.673390 -2.795362 0.736057 -0.000323 0.003506 -0.043076 0.999066
49 76.224670 -2.873539 0.750841 -0.000043 0.003657 -0.044079 0.999021
50 77.759029 -3.033383 0.761942 -0.000022 0.004166 -0.045135 0.998972
51 79.298018 -3.210983 0.771900 0.000489 0.004603 -0.045851 0.998938
52 80.712939 -3.349218 0.786647 0.000947 0.004688 -0.046605 0.998902
53 82.250995 -3.443773 0.799536 0.001240 0.004187 -0.047227 0.998875
54 83.721157 -3.581782 0.809819 0.001069 0.004395 -0.048096 0.998832
55 85.230052 -3.731638 0.822249 0.000691 0.005330 -0.048719 0.998798
56 86.656161 -3.917573 0.832339 0.000756 0.006475 -0.049435 0.998756
57 88.083706 -4.095462 0.840231 0.001253 0.007150 -0.049966 0.998725
58 89.595008 -4.264199 0.841842 0.001482 0.007048 -0.050545 0.998696
59 91.009764 -4.438688 0.848275 0.001545 0.006295 -0.051203 0.998667
60 92.425851 -4.600173 0.856707 0.000978 0.005537 -0.051705 0.998647
61 93.824938 -4.777599 0.858779 0.000818 0.004890 -0.052563 0.998605
62 95.248334 -4.971625 0.872410 0.000292 0.004136 -0.053064 0.998582
63 96.659413 -5.118642 0.877396 0.000262 0.003538 -0.053762 0.998547
64 98.042997 -5.196185 0.897347 -0.000003 0.003392 -0.054251 0.998522
65 99.418663 -5.393981 0.909887 -0.000085 0.003869 -0.054916 0.998483
66 100.900209 -5.540189 0.919355 -0.000084 0.004606 -0.055684 0.998438
67 102.340143 -5.647128 0.929235 0.000171 0.005057 -0.056917 0.998366
68 103.780714 -5.746391 0.939680 0.000543 0.005229 -0.057923 0.998307
69 105.127025 -5.918190 0.944567 0.001133 0.005371 -0.058635 0.998264
70 106.547589 -6.136535 0.962886 0.001612 0.005620 -0.059025 0.998239
71 108.008333 -6.339888 0.975462 0.001484 0.005836 -0.059626 0.998203
72 109.450946 -6.505751 0.993047 0.001365 0.006141 -0.060097 0.998173
73 110.800916 -6.639954 1.004107 0.000499 0.006052 -0.060727 0.998136
74 112.086393 -6.837745 1.019902 -0.000245 0.006148 -0.061567 0.998084
75 113.432448 -7.048491 1.034471 -0.001176 0.006401 -0.062651 0.998014
76 114.820026 -7.214875 1.047468 -0.001724 0.007186 -0.063655 0.997945
77 116.191080 -7.367095 1.045767 -0.000613 0.008228 -0.064475 0.997885
78 117.380760 -7.528182 1.061925 0.000587 0.008678 -0.065070 0.997843
79 118.658856 -7.712365 1.069769 0.001524 0.008094 -0.065877 0.997794
80 119.914916 -7.894364 1.078428 0.001909 0.007245 -0.066528 0.997756
81 121.099714 -8.091794 1.085659 0.001314 0.006872 -0.067429 0.997700
82 122.339490 -8.273942 1.097858 0.000558 0.006746 -0.068199 0.997649
83 123.478971 -8.465900 1.111465 -0.000057 0.006641 -0.068930 0.997599
84 124.646714 -8.649620 1.120066 -0.000217 0.006620 -0.069713 0.997545
85 125.831343 -8.773738 1.129872 -0.000434 0.006703 -0.070348 0.997500
86 126.989421 -8.974770 1.139172 -0.000185 0.006659 -0.071028 0.997452
87 128.098609 -9.081226 1.144847 0.000260 0.006741 -0.071639 0.997408
88 129.181048 -9.283243 1.157661 -0.000174 0.007060 -0.072221 0.997364
89 130.342605 -9.421079 1.164898 -0.000104 0.007547 -0.072813 0.997317
90 131.380504 -9.603006 1.173381 -0.000330 0.008104 -0.073023 0.997297
91 132.440834 -9.709693 1.174887 -0.000280 0.008300 -0.073374 0.997270
92 133.458458 -9.814204 1.180042 -0.000512 0.008345 -0.073889 0.997231
93 134.465896 -9.930711 1.179278 -0.000010 0.007923 -0.074208 0.997211
94 135.555989 -10.044043 1.189496 0.000318 0.007572 -0.074677 0.997179
95 136.561339 -10.220151 1.192381 0.000347 0.007424 -0.075251 0.997137
96 137.655569 -10.327079 1.190423 0.000522 0.007568 -0.075719 0.997100
97 138.648250 -10.468250 1.187830 0.001004 0.007657 -0.075958 0.997081
98 139.693402 -10.660547 1.187787 0.001119 0.007618 -0.076129 0.997068
99 140.776377 -10.844342 1.191378 0.000681 0.007378 -0.076495 0.997042
100 141.769228 -10.998405 1.189070 0.000427 0.007251 -0.076825 0.997018
101 142.743689 -11.118083 1.189261 0.000712 0.007278 -0.077091 0.996997
102 143.725934 -11.225107 1.190599 0.000894 0.007324 -0.077158 0.996992
103 144.807850 -11.351631 1.190262 0.000830 0.007079 -0.077297 0.996983
104 145.768399 -11.531562 1.195233 0.000576 0.007021 -0.077382 0.996977
105 146.756166 -11.715716 1.202147 0.000171 0.007589 -0.077579 0.996957
106 147.733619 -11.820580 1.208816 -0.000157 0.008499 -0.077968 0.996920
107 148.713316 -11.980104 1.209110 0.000291 0.009088 -0.078263 0.996891
108 149.669669 -12.099814 1.213707 0.001013 0.009593 -0.078565 0.996862
109 150.624095 -12.232145 1.211146 0.001548 0.009870 -0.079023 0.996823
110 151.543675 -12.336021 1.206788 0.002448 0.010054 -0.079395 0.996790
111 152.419676 -12.484960 1.209281 0.003203 0.009985 -0.079858 0.996751
112 153.317872 -12.614729 1.201827 0.003508 0.009988 -0.080148 0.996727
113 154.147579 -12.715387 1.205940 0.004218 0.010175 -0.080560 0.996689
114 155.056419 -12.827479 1.204309 0.004542 0.010423 -0.080866 0.996660
115 155.936650 -12.977859 1.207375 0.004553 0.010616 -0.081235 0.996628
116 156.797202 -13.100990 1.203213 0.004500 0.010581 -0.081515 0.996606
117 157.576774 -13.255309 1.196289 0.004436 0.010514 -0.081816 0.996582
118 158.407698 -13.413079 1.199876 0.003767 0.010538 -0.082157 0.996557
119 159.179793 -13.499785 1.194820 0.003624 0.010548 -0.082373 0.996539
120 159.877732 -13.599709 1.189773 0.003452 0.010563 -0.082680 0.996514
121 160.584769 -13.723694 1.183959 0.003546 0.010564 -0.082978 0.996489
122 161.297697 -13.884592 1.176445 0.003383 0.010722 -0.083347 0.996457
123 162.000281 -14.049558 1.176163 0.003517 0.010926 -0.083763 0.996420
124 162.661793 -14.159648 1.176663 0.003253 0.011070 -0.084149 0.996386
125 163.331770 -14.299677 1.168648 0.003446 0.011276 -0.084869 0.996322
126 163.972139 -14.437978 1.167597 0.003521 0.011393 -0.085359 0.996279
127 164.599846 -14.536417 1.158863 0.003343 0.011322 -0.085990 0.996226
128 165.215511 -14.640325 1.153419 0.002937 0.011012 -0.086553 0.996182
129 165.796883 -14.771763 1.136944 0.003035 0.010527 -0.087037 0.996145
130 166.356585 -14.868964 1.130289 0.003054 0.009939 -0.087511 0.996109
131 166.874427 -14.918703 1.121587 0.003023 0.009660 -0.087924 0.996076
132 167.436240 -14.970223 1.109604 0.003112 0.009580 -0.088455 0.996029
133 167.993009 -15.068839 1.099673 0.002814 0.009479 -0.088979 0.995984
134 168.514117 -15.166010 1.096561 0.002460 0.009420 -0.089351 0.995953
135 169.105054 -15.310643 1.089368 0.002401 0.009525 -0.089819 0.995910
136 169.633749 -15.441113 1.082571 0.002489 0.009513 -0.090220 0.995873
137 170.159220 -15.516572 1.081047 0.002371 0.009387 -0.090548 0.995845
138 170.685491 -15.596877 1.071436 0.002142 0.009402 -0.090818 0.995821
139 171.187341 -15.663717 1.063572 0.002228 0.009380 -0.091145 0.995791
140 171.684761 -15.729342 1.056691 0.002592 0.009166 -0.091467 0.995763
141 172.255927 -15.820265 1.051293 0.002840 0.008979 -0.091742 0.995738
142 172.764870 -15.933080 1.044606 0.002702 0.009034 -0.092161 0.995699
143 173.302154 -15.999285 1.043480 0.002674 0.009122 -0.092522 0.995665
144 173.877326 -16.079096 1.034728 0.002467 0.009281 -0.092772 0.995641
145 174.423329 -16.149324 1.027211 0.002802 0.009348 -0.092910 0.995627
146 174.970445 -16.254745 1.020779 0.003196 0.009312 -0.093075 0.995610
147 175.452607 -16.387498 1.017036 0.003450 0.009346 -0.093338 0.995585
148 175.984498 -16.458179 1.010490 0.003533 0.009428 -0.093379 0.995580
149 176.480860 -16.511950 1.006242 0.003420 0.009469 -0.093346 0.995583
150 176.977746 -16.596766 0.997270 0.003548 0.009461 -0.093343 0.995583
151 177.463101 -16.678432 0.990521 0.003833 0.009600 -0.093409 0.995574
152 178.014349 -16.812099 0.985309 0.003965 0.009852 -0.093542 0.995559
153 178.477367 -16.895159 0.978269 0.004188 0.009902 -0.093555 0.995556
154 178.949729 -16.969049 0.973997 0.004253 0.009802 -0.093600 0.995553
155 179.489764 -17.044567 0.966074 0.004234 0.009749 -0.093735 0.995540
156 179.996737 -17.112950 0.953870 0.004359 0.009651 -0.093683 0.995546
157 180.542445 -17.183608 0.943529 0.004540 0.009337 -0.093431 0.995572
158 181.037445 -17.250587 0.938870 0.004683 0.009048 -0.093127 0.995602
159 181.492823 -17.365105 0.934927 0.004530 0.009075 -0.092904 0.995623
160 182.018812 -17.491200 0.927380 0.004234 0.009022 -0.092497 0.995663
161 182.511834 -17.574039 0.922139 0.003884 0.008781 -0.092311 0.995684
162 183.075090 -17.642207 0.911040 0.004208 0.008401 -0.092273 0.995689
163 183.622249 -17.719009 0.900066 0.004320 0.008237 -0.092283 0.995689
164 184.094035 -17.830433 0.894105 0.004329 0.008330 -0.092226 0.995694
165 184.574412 -17.900537 0.884898 0.004499 0.008421 -0.092185 0.995696
166 185.122374 -17.950229 0.878223 0.004601 0.008253 -0.092067 0.995708
167 185.678288 -18.047857 0.871237 0.004698 0.008099 -0.091992 0.995716
168 186.195255 -18.147405 0.860676 0.004458 0.008260 -0.091960 0.995718
169 186.672948 -18.241946 0.852709 0.004427 0.008351 -0.091943 0.995719
170 187.238410 -18.325443 0.849181 0.004180 0.008365 -0.091865 0.995728
171 187.755235 -18.371607 0.840625 0.003856 0.008679 -0.091794 0.995733
172 188.267059 -18.478849 0.834463 0.003827 0.009029 -0.091829 0.995727
173 188.753696 -18.596095 0.829652 0.003698 0.009379 -0.091838 0.995723
174 189.247760 -18.717971 0.827438 0.003810 0.009599 -0.091974 0.995708
175 189.804014 -18.784668 0.822683 0.003503 0.009710 -0.091833 0.995721
176 190.294256 -18.861807 0.817416 0.003023 0.009889 -0.091870 0.995717
177 190.783018 -18.925061 0.810371 0.002709 0.010168 -0.091957 0.995707
178 191.318034 -18.982231 0.803530 0.002512 0.010187 -0.092184 0.995687
179 191.819192 -19.054034 0.794487 0.002272 0.010029 -0.092631 0.995647
180 192.348566 -19.121178 0.782589 0.002098 0.009974 -0.093108 0.995604
181 192.891460 -19.221825 0.773817 0.002005 0.009829 -0.093377 0.995580
182 193.373088 -19.314921 0.770785 0.001669 0.009327 -0.093971 0.995530
183 193.919301 -19.402508 0.759439 0.000918 0.008651 -0.094656 0.995472
184 194.469348 -19.469531 0.747215 0.000104 0.008371 -0.095053 0.995437
185 194.920341 -19.554640 0.742967 -0.000121 0.008545 -0.095702 0.995373
186 195.434432 -19.613158 0.738832 0.000019 0.008937 -0.096229 0.995319
187 195.967371 -19.678873 0.734949 0.000131 0.009508 -0.096756 0.995263
188 196.420967 -19.805507 0.730964 0.000575 0.010439 -0.097223 0.995208
189 196.961404 -19.922912 0.727896 0.000860 0.011246 -0.097896 0.995133
190 197.506149 -20.004704 0.723421 0.000621 0.011633 -0.098312 0.995087
191 198.010388 -20.124635 0.718522 0.000324 0.011592 -0.098587 0.995061
192 198.533048 -20.230176 0.709652 0.000331 0.011471 -0.098916 0.995030
193 199.030607 -20.303128 0.702705 0.000682 0.011506 -0.099365 0.994984
194 199.476462 -20.367352 0.694747 0.000846 0.011681 -0.099590 0.994960
195 199.956139 -20.491140 0.691405 0.000788 0.011759 -0.099962 0.994921
196 200.425160 -20.615608 0.689075 0.000847 0.012040 -0.100494 0.994864
197 200.908578 -20.731388 0.683426 0.000676 0.012399 -0.100871 0.994822
198 201.278372 -20.814688 0.677075 0.000596 0.012421 -0.101176 0.994791
199 201.680996 -20.924123 0.672078 0.000388 0.012303 -0.101528 0.994757
200 202.035510 -20.966560 0.664350 0.000474 0.012181 -0.101683 0.994742
201 202.448795 -21.075948 0.657210 0.000206 0.012080 -0.101987 0.994712
202 202.878523 -21.176792 0.646461 0.000359 0.011705 -0.102325 0.994682
203 203.245481 -21.247099 0.644233 0.000410 0.011623 -0.102493 0.994666
204 203.605776 -21.333785 0.635938 0.000274 0.011763 -0.102838 0.994629
205 203.992747 -21.384865 0.630587 0.000329 0.011812 -0.103070 0.994604
206 204.352429 -21.484755 0.628145 0.000397 0.011848 -0.103353 0.994574
207 204.721055 -21.551364 0.626523 0.000279 0.011994 -0.103675 0.994539
208 205.092563 -21.640042 0.621395 0.000009 0.012138 -0.104180 0.994484
209 205.473747 -21.761618 0.615870 -0.000055 0.012153 -0.104536 0.994447
210 205.839914 -21.841916 0.604072 0.000276 0.012205 -0.104768 0.994422
211 206.155543 -21.929259 0.596498 0.000484 0.012192 -0.105062 0.994391
212 206.554844 -21.993851 0.590555 0.000536 0.011258 -0.105278 0.994379
213 206.940523 -22.044282 0.581792 0.000517 0.010393 -0.105399 0.994376
214 207.280429 -22.116596 0.577968 0.000133 0.010061 -0.105690 0.994348
215 207.641740 -22.224014 0.568192 -0.000245 0.010089 -0.106231 0.994290
216 208.049351 -22.343933 0.566274 -0.000115 0.010144 -0.106694 0.994240
217 208.499986 -22.479108 0.562474 -0.000060 0.010049 -0.107179 0.994189
218 208.933360 -22.619406 0.555370 0.000016 0.009928 -0.107683 0.994136
219 209.338184 -22.708946 0.548496 -0.000293 0.009836 -0.107974 0.994105
220 209.800918 -22.777071 0.538414 -0.000492 0.009608 -0.108253 0.994077
221 210.327315 -22.866754 0.529540 -0.000470 0.009504 -0.108510 0.994050
222 210.854957 -22.992080 0.525709 -0.000130 0.009508 -0.108885 0.994009
223 211.373451 -23.067999 0.512159 0.000303 0.009616 -0.108952 0.994000
224 211.841017 -23.126778 0.504008 0.000916 0.009734 -0.109031 0.993990
225 212.414856 -23.263142 0.502297 0.000529 0.009961 -0.109118 0.993979
226 212.984248 -23.403845 0.493887 0.000258 0.010212 -0.109359 0.993950
227 213.522794 -23.480777 0.483487 -0.000274 0.010458 -0.109292 0.993955
228 214.058427 -23.605664 0.470308 -0.000299 0.010633 -0.109279 0.993954
229 214.599888 -23.680295 0.465455 0.000334 0.010571 -0.109225 0.993961
230 215.149188 -23.837492 0.460696 0.000162 0.010683 -0.109349 0.993946
231 215.657931 -23.961959 0.452698 -0.000161 0.010793 -0.109473 0.993931
232 216.183605 -24.094678 0.438649 -0.000545 0.010976 -0.109589 0.993916
233 216.804132 -24.228362 0.427487 -0.000313 0.011086 -0.109646 0.993909
234 217.317501 -24.387130 0.424961 -0.000208 0.011032 -0.109800 0.993892
235 217.896208 -24.490511 0.413763 -0.000263 0.010976 -0.109762 0.993897
236 218.520306 -24.614617 0.401963 -0.000793 0.011049 -0.109719 0.993901
237 219.056488 -24.724855 0.388897 -0.000833 0.010896 -0.109817 0.993892
238 219.625558 -24.840947 0.382850 -0.000494 0.010553 -0.109944 0.993882
239 220.195601 -24.982161 0.370587 -0.000350 0.010307 -0.110260 0.993849
240 220.833413 -25.081921 0.362106 -0.000627 0.010244 -0.110510 0.993822
241 221.454351 -25.176661 0.351768 -0.000767 0.010088 -0.110722 0.993800
242 222.098403 -25.348305 0.336488 -0.000975 0.009901 -0.111176 0.993751
243 222.761159 -25.452212 0.326911 -0.001115 0.010092 -0.111554 0.993707
244 223.396792 -25.565732 0.317546 -0.001148 0.010544 -0.111954 0.993657
245 224.123196 -25.685390 0.307637 -0.001406 0.011172 -0.112266 0.993614
246 224.819409 -25.857075 0.294934 -0.001367 0.012075 -0.112624 0.993563
247 225.499667 -25.965169 0.283444 -0.000780 0.012995 -0.112956 0.993515
248 226.212014 -26.167679 0.276545 -0.000619 0.013528 -0.113545 0.993441
249 226.927542 -26.352515 0.268571 -0.000679 0.013830 -0.114043 0.993379
250 227.642577 -26.490177 0.256460 -0.000811 0.013927 -0.114376 0.993340
251 228.364394 -26.609811 0.249720 -0.000577 0.013807 -0.114678 0.993307
252 229.000983 -26.788212 0.239075 -0.000876 0.013777 -0.115278 0.993237
253 229.738576 -26.905415 0.223986 -0.001041 0.013900 -0.115571 0.993201
254 230.417396 -27.063171 0.211694 -0.001135 0.013931 -0.116036 0.993147
255 231.091035 -27.201096 0.200901 -0.000963 0.014051 -0.116359 0.993107
256 231.779428 -27.417694 0.199296 -0.001092 0.014280 -0.116757 0.993057
257 232.505162 -27.605810 0.191627 -0.001011 0.014690 -0.117180 0.993002
258 233.225470 -27.726371 0.176927 -0.001153 0.014877 -0.117433 0.992969
259 233.937568 -27.846674 0.161922 -0.000907 0.015124 -0.117675 0.992937
260 234.602952 -28.049180 0.147790 -0.000294 0.015489 -0.117998 0.992893
261 235.199173 -28.153772 0.138614 0.000733 0.015575 -0.118164 0.992872
262 235.850244 -28.291982 0.129209 0.000713 0.015445 -0.118369 0.992849
263 236.485736 -28.424726 0.113682 0.000540 0.015207 -0.118543 0.992832
264 237.184451 -28.622875 0.090145 0.000363 0.014614 -0.118630 0.992831
265 237.882321 -28.779623 0.080329 0.000848 0.013980 -0.118591 0.992844
266 238.439544 -28.938221 0.071971 0.000914 0.013941 -0.118657 0.992837
267 239.001018 -29.078361 0.068768 0.000643 0.014371 -0.118923 0.992799
268 239.611925 -29.212268 0.054575 0.000680 0.015148 -0.119102 0.992766
269 240.194873 -29.330229 0.044915 0.000927 0.015726 -0.119098 0.992758
270 240.698676 -29.433751 0.034429 0.000850 0.015844 -0.119219 0.992741
271 241.289873 -29.516085 0.021826 0.000628 0.016000 -0.119119 0.992751
272 241.778707 -29.643244 0.013857 0.000288 0.016315 -0.118733 0.992792
273 242.333842 -29.727212 0.000101 0.000117 0.016487 -0.118139 0.992860
274 242.862745 -29.852471 -0.008622 -0.000018 0.016725 -0.117767 0.992900
275 243.370752 -29.996714 -0.010015 0.000141 0.017259 -0.117355 0.992940
276 243.849835 -30.133369 -0.016286 0.000186 0.017680 -0.116811 0.992997
277 244.211008 -30.183228 -0.019769 0.000372 0.017760 -0.116423 0.993041
278 244.575064 -30.321857 -0.023675 -0.000187 0.018073 -0.116243 0.993056
279 244.970493 -30.472494 -0.035111 -0.000429 0.018516 -0.115955 0.993082
280 245.273187 -30.516043 -0.043201 -0.000392 0.018835 -0.115676 0.993108
281 245.555928 -30.621423 -0.048419 -0.000285 0.019022 -0.115387 0.993138
282 245.856750 -30.736211 -0.057978 -0.000172 0.018893 -0.115091 0.993175
283 246.182627 -30.855962 -0.066578 -0.000224 0.018136 -0.114616 0.993244
284 246.493458 -30.856678 -0.073863 -0.000307 0.016843 -0.114138 0.993322
285 246.764335 -30.882957 -0.077581 -0.000395 0.016125 -0.113495 0.993408
286 246.966979 -30.937016 -0.082873 -0.000297 0.015908 -0.113238 0.993440
287 247.276120 -31.058592 -0.088157 -0.000374 0.015788 -0.112809 0.993491
288 247.508461 -31.063893 -0.096291 -0.000037 0.015769 -0.112467 0.993530
289 247.708647 -31.130223 -0.098143 0.000029 0.015757 -0.112264 0.993553
290 247.922358 -31.206159 -0.098035 -0.000290 0.015682 -0.112127 0.993570
291 248.134990 -31.274574 -0.103087 -0.001061 0.015590 -0.112027 0.993582
292 248.336751 -31.344676 -0.103175 -0.001170 0.015594 -0.111997 0.993586
293 248.567453 -31.354613 -0.111714 -0.001045 0.015693 -0.112052 0.993578
294 248.877207 -31.431738 -0.115010 -0.000844 0.015749 -0.112194 0.993561
295 249.172755 -31.457383 -0.121213 -0.000887 0.015749 -0.112218 0.993558
296 249.420920 -31.552559 -0.124300 -0.001493 0.015712 -0.112307 0.993548
297 249.733803 -31.605851 -0.133839 -0.001696 0.015677 -0.112367 0.993542
298 249.947425 -31.637298 -0.140797 -0.001298 0.015306 -0.112353 0.993550
299 250.187383 -31.667315 -0.139243 -0.001039 0.015146 -0.112431 0.993544
